-3.59E15 1.4669209329617132E-4 0.0
-3.53E15 0.0 0.0
-3.47E15 0.0 0.0
-3.41E15 0.0 0.0
-3.35E15 0.0 0.0
-3.29E15 1.4669209329617132E-4 0.0
-3.23E15 0.0 0.0
-3.17E15 0.0 0.0
-3.11E15 0.0 0.0
-3.05E15 0.0 0.0
-2.99E15 0.0 0.0
-2.93E15 1.4669209329617132E-4 0.0
-2.87E15 2.9338418659234265E-4 0.0
-2.81E15 8.801525597770278E-4 0.0
-2.75E15 7.334604664808566E-4 0.0
-2.69E15 8.801525597770278E-4 0.0
-2.63E15 8.801525597770278E-4 0.0
-2.57E15 0.002640457679331084 1.4669209329617132E-4
-2.51E15 8.801525597770278E-4 0.0
-2.45E15 0.001466920932961713 0.0
-2.39E15 0.0019069972128502267 0.0
-2.33E15 0.0036673023324042845 0.0
-2.27E15 0.0039606865189966275 1.4669209329617132E-4
-2.21E15 0.0033739181458119416 0.0
-2.15E15 0.004694146985477485 0.0
-2.09E15 0.005720991638550685 0.0
-2.03E15 0.007774680944697086 0.0
-1.97E15 0.0082147572245856 0.0
-1.91E15 0.008508141411177943 0.0
-1.85E15 0.010561830717324344 0.0
-1.79E15 0.011588675370397544 0.0
-1.73E15 0.01408244095643246 0.0
-1.67E15 0.015696053982690344 0.0
-1.61E15 0.020096816781575436 0.0
-1.55E15 0.020830277248056285 1.4669209329617132E-4
-1.49E15 0.02303065864749883 0.0
-1.43E15 0.026991345166495415 0.0
-1.37E15 0.028018189819568603 0.0
-1.31E15 0.032712336805046066 1.4669209329617132E-4
-1.25E15 0.02875165028604945 0.0
-1.19E15 0.03300572099163841 0.0
-1.13E15 0.039460173096670034 0.0
-1.07E15 0.03828663635030065 0.0
-1.01E15 0.039900249376558554 1.4669209329617132E-4
-9.5E14 0.039460173096670034 1.4669209329617132E-4
-8.9E14 0.04474108845533227 0.0
-8.3E14 0.04210063077600115 1.4669209329617132E-4
-7.7E14 0.04488778054862844 1.4669209329617132E-4
-7.1E14 0.04004694146985473 2.9338418659234265E-4
-6.5E14 0.03608625495085805 0.0
-5.9E14 0.034032565644711625 4.4007627988851397E-4
-5.3E14 0.03696640751063509 5.867683731846853E-4
-4.7E14 0.03153880005867668 5.867683731846853E-4
-4.1E14 0.026111192606718396 4.4007627988851397E-4
-3.5E14 0.026257884700014566 7.334604664808566E-4
-2.9E14 0.02361742702068351 8.801525597770278E-4
-2.3E14 0.02405750330057202 2.9338418659234265E-4
-1.7E14 0.01862989584861374 7.334604664808566E-4
-1.1E14 0.015842746075986514 8.801525597770278E-4
-5.0E13 0.01422913304972863 1.4669209329617132E-4
1.0E13 0.01114859909050903 5.867683731846853E-4
7.0E13 0.01114859909050903 4.4007627988851397E-4
1.3E14 0.007627988851400915 1.4669209329617132E-4
1.9E14 0.004694146985477485 2.9338418659234265E-4
2.5E14 0.0033739181458119416 4.4007627988851397E-4
3.1E14 0.0039606865189966275 1.4669209329617132E-4
3.7E14 0.0013202288396655416 2.9338418659234265E-4
4.3E14 0.00322722605251577 2.9338418659234265E-4
4.9E14 0.001466920932961713 1.4669209329617132E-4
5.5E14 2.9338418659234265E-4 2.9338418659234265E-4
6.1E14 0.001026844653073199 1.4669209329617132E-4
6.7E14 4.4007627988851397E-4 1.4669209329617132E-4
7.3E14 4.4007627988851397E-4 1.4669209329617132E-4
7.9E14 0.0 0.0
8.5E14 0.0 0.0
9.1E14 2.9338418659234265E-4 0.0
9.7E14 0.0 0.0
1.03E15 0.0 0.0
1.09E15 0.0 0.0
1.15E15 0.0 0.0
1.21E15 0.0 2.9338418659234265E-4
