# ROCAUC: 0.8298249777514092
# False Positive Rate True Positive Rate
0.0 0.0
0.0 0.02666666666666667
2.966478789676654E-4 0.02666666666666667
2.966478789676654E-4 0.04
8.899436369029962E-4 0.04
8.899436369029962E-4 0.05333333333333334
0.0016315633343221597 0.05333333333333334
0.0016315633343221597 0.06666666666666667
0.0022248590922574903 0.06666666666666667
0.0022248590922574903 0.08
0.002521506971225156 0.08
0.002521506971225156 0.10666666666666667
0.004153070305547316 0.10666666666666667
0.004153070305547316 0.13333333333333333
0.007267873034707802 0.13333333333333333
0.007267873034707802 0.14666666666666667
0.008009492732126965 0.14666666666666667
0.008009492732126965 0.16
0.01097597152180362 0.16
0.01097597152180362 0.17333333333333334
0.013052506674577278 0.17333333333333334
0.013052506674577278 0.18666666666666668
0.013942450311480274 0.18666666666666668
0.013942450311480274 0.2
0.015129041827350935 0.2
0.015129041827350935 0.21333333333333335
0.019578760011865915 0.21333333333333335
0.019578760011865915 0.22666666666666668
0.020765351527736578 0.22666666666666668
0.020765351527736578 0.24000000000000002
0.02210026698309107 0.24000000000000002
0.02210026698309107 0.25333333333333335
0.02981311183625037 0.25333333333333335
0.02981311183625037 0.26666666666666666
0.0308513794126372 0.26666666666666666
0.0308513794126372 0.28
0.032334618807475526 0.28
0.032334618807475526 0.29333333333333333
0.0403441115396025 0.29333333333333333
0.0403441115396025 0.3066666666666667
0.045980421239988134 0.3066666666666667
0.045980421239988134 0.32
0.047018688816374964 0.32
0.047018688816374964 0.33333333333333337
0.04954019578760012 0.33333333333333337
0.04954019578760012 0.3466666666666667
0.05250667457727678 0.3466666666666667
0.05250667457727678 0.36000000000000004
0.07000889943636904 0.36000000000000004
0.07000889943636904 0.37333333333333335
0.07238208246811036 0.37333333333333335
0.07238208246811036 0.3866666666666667
0.07416196974191636 0.3866666666666667
0.07416196974191636 0.4
0.07475526549985168 0.4
0.07475526549985168 0.4133333333333334
0.078908335805399 0.4133333333333334
0.078908335805399 0.44
0.08469296944526847 0.44
0.08469296944526847 0.45333333333333337
0.08602788490062296 0.45333333333333337
0.08602788490062296 0.4666666666666667
0.09196084247997627 0.4666666666666667
0.09196084247997627 0.48000000000000004
0.0938890536932661 0.48000000000000004
0.0938890536932661 0.49333333333333335
0.0943340255117176 0.49333333333333335
0.0943340255117176 0.5066666666666667
0.11228122218926136 0.5066666666666667
0.11228122218926136 0.52
0.11717591219222784 0.52
0.11717591219222784 0.5333333333333333
0.1269652921981608 0.5333333333333333
0.1269652921981608 0.5466666666666667
0.13097003856422426 0.5466666666666667
0.13097003856422426 0.56
0.13319489765648176 0.56
0.13319489765648176 0.5733333333333334
0.13438148917235243 0.5733333333333334
0.13438148917235243 0.5866666666666667
0.1360130525066746 0.5866666666666667
0.1360130525066746 0.6000000000000001
0.14728567190744588 0.6000000000000001
0.14728567190744588 0.6133333333333334
0.153366953426283 0.6133333333333334
0.153366953426283 0.6266666666666667
0.155146840700089 0.6266666666666667
0.155146840700089 0.64
0.15633343221595966 0.64
0.15633343221595966 0.6533333333333333
0.16093147433995847 0.6533333333333333
0.16093147433995847 0.6666666666666667
0.1655295164639573 0.6666666666666667
0.1655295164639573 0.68
0.17531889646989024 0.68
0.17531889646989024 0.6933333333333334
0.18421833283892022 0.6933333333333334
0.18421833283892022 0.7066666666666667
0.19089291011569268 0.7066666666666667
0.19089291011569268 0.7200000000000001
0.2036487689113023 0.7200000000000001
0.2036487689113023 0.7333333333333334
0.20572530406407596 0.7333333333333334
0.20572530406407596 0.7466666666666667
0.21210323346188076 0.7466666666666667
0.21210323346188076 0.76
0.21877781073865324 0.76
0.21877781073865324 0.7733333333333334
0.24517947196677545 0.7733333333333334
0.24517947196677545 0.7866666666666667
0.25378226045683777 0.7866666666666667
0.25378226045683777 0.8
0.25615544348857905 0.8
0.25615544348857905 0.8133333333333334
0.26965292198160784 0.8133333333333334
0.26965292198160784 0.8266666666666668
0.2758825274399288 0.8266666666666668
0.2758825274399288 0.8400000000000001
0.28433699199050727 0.8400000000000001
0.28433699199050727 0.8533333333333334
0.29827944230198755 0.8533333333333334
0.29827944230198755 0.8666666666666667
0.352862652032038 0.8666666666666667
0.352862652032038 0.88
0.3757045387125482 0.88
0.3757045387125482 0.8933333333333334
0.4218332838920202 0.8933333333333334
0.4218332838920202 0.9066666666666667
0.4375556214773065 0.9066666666666667
0.4375556214773065 0.92
0.5428656185108277 0.92
0.5428656185108277 0.9333333333333333
0.5639276179175319 0.9333333333333333
0.5639276179175319 0.9466666666666668
0.7521506971225156 0.9466666666666668
0.7521506971225156 0.9600000000000001
0.8544942153663602 0.9600000000000001
0.8544942153663602 0.9733333333333334
0.9851676060516168 0.9733333333333334
0.9851676060516168 0.9866666666666667
0.9954019578760013 0.9866666666666667
0.9954019578760013 1.0
1.0 1.0
