0.001 0.9889980930028824 0.011001906997212858
0.003 0.0 0.0
0.005 0.0 0.0
0.007 0.0 0.0
0.009000000000000001 0.0 0.0
0.011 0.0 0.0
0.013000000000000001 0.0 0.0
0.015 0.0 0.0
0.017 0.0 0.0
0.019 0.0 0.0
0.021 0.0 0.0
0.023 0.0 0.0
0.025 0.0 0.0
0.027 0.0 0.0
0.029 0.0 0.0
0.031 0.0 0.0
0.033 0.0 0.0
0.035 0.0 0.0
0.037 0.0 0.0
0.039 0.0 0.0
0.041 0.0 0.0
0.043000000000000003 0.0 0.0
0.045 0.0 0.0
0.047 0.0 0.0
0.049 0.0 0.0
0.051000000000000004 0.0 0.0
0.053 0.0 0.0
0.055 0.0 0.0
0.057 0.0 0.0
0.059000000000000004 0.0 0.0
0.061 0.0 0.0
0.063 0.0 0.0
0.065 0.0 0.0
0.067 0.0 0.0
0.069 0.0 0.0
0.07100000000000001 0.0 0.0
0.073 0.0 0.0
0.075 0.0 0.0
0.077 0.0 0.0
0.079 0.0 0.0
0.081 0.0 0.0
0.083 0.0 0.0
0.085 0.0 0.0
0.08700000000000001 0.0 0.0
0.089 0.0 0.0
0.091 0.0 0.0
0.093 0.0 0.0
0.095 0.0 0.0
0.097 0.0 0.0
0.099 0.0 0.0
