# k Precision
1 1.0
4367 1.0
4368 0.9997710622710623
4369 0.9997711146715496
4370 0.9997711670480549
4371 0.9997712194005949
4372 0.9997712717291857
4373 0.999771324033844
4374 0.9997713763145862
4375 0.9997714285714285
4376 0.9997714808043876
4377 0.9997715330134795
4378 0.9997715851987209
4379 0.9997716373601279
4380 0.9997716894977169
4381 0.9997717416115042
4382 0.9997717937015062
4383 0.999771845767739
4384 0.999771897810219
4385 0.9997719498289623
4386 0.9997720018239854
4387 0.9997720537953043
4388 0.9997721057429353
4389 0.9997721576668945
4390 0.9997722095671981
4391 0.9997722614438624
4392 0.9997723132969034
4393 0.9997723651263374
4394 0.9997724169321802
4395 0.9997724687144482
4396 0.9997725204731575
4397 0.9997725722083238
4398 0.9997726239199636
4399 0.9997726756080928
4400 0.9997727272727273
4401 0.9997727789138832
4402 0.9997728305315765
4403 0.9997728821258233
4404 0.9997729336966394
4405 0.9997729852440409
4406 0.9997730367680435
4407 0.9997730882686635
4408 0.9997731397459165
4409 0.9997731911998186
4410 0.9997732426303855
4411 0.9997732940376332
4412 0.9997733454215775
4413 0.9997733967822343
4414 0.9997734481196194
4415 0.9997734994337486
4416 0.9997735507246377
4417 0.9997736019923025
4418 0.9997736532367587
4419 0.9997737044580222
4420 0.9997737556561086
4421 0.9997738068310337
4422 0.9997738579828132
4423 0.9997739091114628
4424 0.9997739602169982
4425 0.999774011299435
4426 0.999774062358789
4427 0.9997741133950757
4428 0.9997741644083108
4429 0.9997742153985099
4430 0.9997742663656884
4431 0.9997743173098623
4432 0.9997743682310469
4433 0.9997744191292578
4434 0.9997744700045106
4435 0.9997745208568207
4436 0.9997745716862038
4437 0.9997746224926752
4438 0.9997746732762506
4439 0.9997747240369452
4440 0.9997747747747747
4441 0.9997748254897546
4442 0.9997748761819001
4443 0.9997749268512266
4444 0.9997749774977498
4445 0.9997750281214848
4446 0.9997750787224472
4447 0.9997751293006522
4448 0.9997751798561151
4449 0.9997752303888514
4450 0.9997752808988764
4451 0.9997753313862053
4452 0.9997753818508536
4453 0.9997754322928363
4454 0.9997754827121689
4455 0.9997755331088665
4456 0.9997755834829444
4457 0.9997756338344178
4458 0.999775684163302
4459 0.999775734469612
4460 0.9997757847533633
4461 0.9997758350145707
4462 0.9997758852532497
4463 0.9997759354694152
4464 0.9997759856630825
4465 0.9997760358342666
4466 0.9997760859829825
4467 0.9997761361092455
4468 0.9997761862130707
4469 0.999776236294473
4470 0.9997762863534676
4471 0.9997763363900694
4472 0.9997763864042933
4473 0.9997764363961547
4474 0.9997764863656683
4475 0.9997765363128491
4476 0.9997765862377123
4477 0.9997766361402725
4478 0.9997766860205449
4479 0.9997767358785443
4480 0.9997767857142857
4481 0.999776835527784
4482 0.999776885319054
4483 0.9997769350881106
4484 0.9997769848349688
4485 0.9997770345596433
4486 0.999777084262149
4487 0.9997771339425006
4488 0.999777183600713
4489 0.9997772332368011
4490 0.9997772828507795
4491 0.9997773324426631
4492 0.9997773820124666
4493 0.9997774315602047
4494 0.9997774810858923
4495 0.9997775305895439
4496 0.9997775800711743
4497 0.9997776295307983
4498 0.9997776789684304
4499 0.9997777283840854
4500 0.9997777777777778
4501 0.9997778271495223
4502 0.9997778764993336
4503 0.9997779258272262
4504 0.9997779751332149
4505 0.9997780244173141
4506 0.9997780736795384
4507 0.9997781229199024
4508 0.9997781721384206
4509 0.9997782213351075
4510 0.9997782705099778
4511 0.9997783196630459
4512 0.9997783687943262
4513 0.9997784179038334
4514 0.9997784669915818
4515 0.9997785160575858
4516 0.99977856510186
4517 0.9997786141244188
4518 0.9997786631252766
4519 0.9997787121044479
4520 0.9997787610619469
4521 0.9997788099977881
4522 0.9997788589119858
4523 0.9997789078045545
4524 0.9997789566755084
4525 0.9997790055248619
4526 0.9997790543526293
4527 0.9997791031588248
4528 0.9997791519434629
4529 0.9997792007065578
4530 0.9997792494481236
4531 0.9997792981681748
4532 0.9997793468667255
4533 0.99977939554379
4534 0.9997794441993825
4535 0.9997794928335171
4536 0.9997795414462081
4537 0.9997795900374697
4538 0.999779638607316
4539 0.9997796871557612
4540 0.9997797356828194
4541 0.9997797841885048
4542 0.9997798326728313
4543 0.9997798811358133
4544 0.9997799295774648
4545 0.9997799779977998
4546 0.9997800263968324
4547 0.9997800747745766
4548 0.9997801231310466
4549 0.9997801714662563
4550 0.9997802197802198
4551 0.999780268072951
4552 0.999780316344464
4553 0.9997803645947727
4554 0.9997804128238911
4555 0.9997804610318332
4556 0.9997805092186128
4557 0.999780557384244
4558 0.9997806055287407
4559 0.9997806536521167
4560 0.9997807017543859
4561 0.9997807498355624
4562 0.9997807978956598
4563 0.9997808459346921
4564 0.9997808939526731
4565 0.9997809419496166
4566 0.9997809899255365
4567 0.9997810378804467
4568 0.9997810858143608
4569 0.9997811337272926
4570 0.999781181619256
4571 0.9997812294902647
4572 0.9997812773403325
4573 0.999781325169473
4574 0.9997813729777001
4575 0.9997814207650273
4576 0.9997814685314685
4577 0.9997815162770374
4578 0.9997815640017474
4579 0.9997816117056125
4580 0.9997816593886463
4581 0.9997817070508622
4582 0.9997817546922741
4583 0.9997818023128955
4584 0.99978184991274
4585 0.9997818974918211
4586 0.9997819450501526
4587 0.999781992587748
4588 0.9997820401046208
4589 0.9997820876007845
4590 0.9997821350762527
4591 0.999782182531039
4592 0.9997822299651568
4593 0.9997822773786197
4594 0.999782324771441
4595 0.9997823721436344
4596 0.9997824194952132
4597 0.999782466826191
4598 0.9997825141365811
4599 0.999782561426397
4600 0.9997826086956522
4601 0.9997826559443599
4602 0.9997827031725337
4603 0.9997827503801868
4604 0.9997827975673328
4605 0.9997828447339848
4606 0.9997828918801563
4607 0.9997829390058607
4608 0.9997829861111112
4609 0.999783033195921
4610 0.9997830802603037
4611 0.9997831273042724
4612 0.9997831743278404
4613 0.999783221331021
4614 0.9997832683138275
4615 0.9997833152762731
4616 0.9997833622183708
4617 0.9997834091401343
4618 0.9997834560415765
4619 0.9997835029227106
4620 0.9997835497835498
4621 0.9997835966241073
4622 0.9997836434443964
4623 0.99978369024443
4624 0.9997837370242214
4625 0.9997837837837837
4626 0.9997838305231301
4627 0.9997838772422736
4628 0.9997839239412273
4629 0.9997839706200043
4630 0.9997840172786178
4631 0.9997840639170805
4632 0.9997841105354058
4633 0.9997841571336067
4634 0.9997842037116962
4635 0.9997842502696872
4636 0.9997842968075927
4637 0.9997843433254259
4638 0.9997843898231996
4639 0.999784436300927
4640 0.9997844827586206
4641 0.9997845291962939
4642 0.9997845756139595
4643 0.9997846220116304
4644 0.9997846683893196
4645 0.9997847147470398
4646 0.9997847610848042
4647 0.9997848074026253
4648 0.9997848537005164
4649 0.99978489997849
4650 0.9997849462365591
4651 0.9997849924747366
4652 0.9997850386930353
4653 0.9997850848914679
4654 0.9997851310700473
4655 0.9997851772287862
4656 0.9997852233676976
4657 0.999785269486794
4658 0.9997853155860884
4659 0.9997853616655935
4660 0.9997854077253219
4661 0.9997854537652864
4662 0.9997854997854998
4663 0.9997855457859747
4664 0.9997855917667239
4665 0.99978563772776
4666 0.9997856836690956
4667 0.9997857295907435
4668 0.9997857754927164
4669 0.9997858213750268
4670 0.9997858672376874
4671 0.9997859130807107
4672 0.9997859589041096
4673 0.9997860047078965
4674 0.9997860504920839
4675 0.9997860962566845
4676 0.9997861420017109
4677 0.9997861877271755
4678 0.999786233433091
4679 0.9997862791194699
4680 0.9997863247863248
4681 0.999786370433668
4682 0.9997864160615122
4683 0.9997864616698697
4684 0.9997865072587532
4685 0.9997865528281751
4686 0.9997865983781477
4687 0.9997866439086835
4688 0.9997866894197952
4689 0.999786734911495
4690 0.9997867803837953
4691 0.9997868258367086
4692 0.9997868712702472
4693 0.9997869166844237
4694 0.9997869620792501
4695 0.999787007454739
4696 0.9997870528109029
4697 0.9997870981477539
4698 0.9997871434653044
4699 0.9997871887635668
4700 0.9997872340425532
4701 0.9997872793022761
4702 0.9997873245427478
4703 0.9997873697639804
4704 0.9997874149659864
4705 0.999787460148778
4706 0.9997875053123672
4707 0.9997875504567665
4708 0.9997875955819882
4709 0.9997876406880442
4710 0.9997876857749469
4711 0.9997877308427086
4712 0.9997877758913413
4713 0.9997878209208572
4714 0.9997878659312686
4715 0.9997879109225875
4716 0.9997879558948262
4717 0.9997880008479966
4718 0.9997880457821111
4719 0.9997880906971816
4720 0.9997881355932203
4721 0.9997881804702393
4722 0.9997882253282507
4723 0.9997882701672666
4724 0.9997883149872989
4725 0.9997883597883598
4726 0.9997884045704613
4727 0.9997884493336154
4728 0.9997884940778342
4729 0.9997885388031297
4730 0.9997885835095137
4731 0.9997886281969985
4732 0.9997886728655959
4733 0.999788717515318
4734 0.9997887621461766
4735 0.9997888067581837
4736 0.9997888513513513
4737 0.9997888959256913
4738 0.9997889404812157
4739 0.9997889850179362
4740 0.999789029535865
4741 0.9997890740350137
4742 0.9997891185153943
4743 0.9997891629770188
4744 0.9997892074198989
4745 0.9997892518440463
4746 0.9997892962494732
4747 0.9997893406361913
4748 0.9997893850042123
4749 0.9997894293535481
4750 0.9997894736842106
4751 0.9997895179962113
4752 0.9997895622895623
4753 0.9997896065642752
4754 0.9997896508203618
4755 0.9997896950578339
4756 0.9997897392767031
4757 0.9997897834769813
4758 0.9997898276586801
4759 0.9997898718218113
4760 0.9997899159663866
4761 0.9997899600924176
4762 0.999790004199916
4763 0.9997900482888935
4764 0.9997900923593619
4765 0.9997901364113326
4766 0.9997901804448175
4767 0.999790224459828
4768 0.9997902684563759
4769 0.9997903124344726
4770 0.9997903563941299
4771 0.9997904003353595
4772 0.9997904442581727
4773 0.9997904881625812
4774 0.9997905320485966
4775 0.9997905759162303
4776 0.9997906197654941
4777 0.9997906635963995
4778 0.9997907074089577
4779 0.9997907512031806
4780 0.9997907949790795
4781 0.999790838736666
4782 0.9997908824759515
4783 0.9997909261969475
4784 0.9997909698996655
4785 0.999791013584117
4786 0.9997910572503134
4787 0.9997911008982662
4788 0.9997911445279867
4789 0.9997911881394863
4790 0.9997912317327766
4791 0.9997912753078689
4792 0.9997913188647746
4793 0.9997913624035051
4794 0.9997914059240718
4795 0.9997914494264859
4796 0.999791492910759
4797 0.9997915363769022
4798 0.9997915798249271
4799 0.9997916232548447
4800 0.9997916666666666
4801 0.9997917100604041
4802 0.9997917534360683
4803 0.9997917967936706
4804 0.9997918401332223
4805 0.9997918834547347
4806 0.9997919267582189
4807 0.9997919700436863
4808 0.9997920133111481
4809 0.9997920565606155
4810 0.9997920997920998
4811 0.9997921430056121
4812 0.9997921862011637
4813 0.9997922293787659
4814 0.9997922725384296
4815 0.9997923156801661
4816 0.9997923588039868
4817 0.9997924019099025
4818 0.9997924449979244
4819 0.9997924880680639
4820 0.999792531120332
4821 0.9997925741547397
4822 0.9997926171712982
4823 0.9997926601700187
4824 0.9997927031509121
4825 0.9997927461139896
4826 0.9997927890592623
4827 0.9997928319867413
4828 0.9997928748964374
4829 0.999792917788362
4830 0.9997929606625259
4831 0.9997930035189402
4832 0.9997930463576159
4833 0.999793089178564
4834 0.9997931319817956
4835 0.9997931747673217
4836 0.999793217535153
4837 0.9997932602853008
4838 0.9997933030177759
4839 0.9997933457325894
4840 0.9997933884297521
4841 0.999793431109275
4842 0.9997934737711689
4843 0.999793516415445
4844 0.999793559042114
4845 0.9997936016511868
4846 0.9997936442426744
4847 0.9997936868165875
4848 0.9997937293729373
4849 0.9997937719117344
4850 0.9997938144329896
4851 0.9997938569367141
4852 0.9997938994229184
4853 0.9997939418916134
4854 0.9997939843428101
4855 0.9997940267765191
4856 0.9997940691927513
4857 0.9997941115915174
4858 0.9997941539728283
4859 0.9997941963366948
4860 0.9997942386831276
4861 0.9997942810121374
4862 0.9997943233237351
4863 0.9997943656179313
4864 0.9997944078947368
4865 0.9997944501541624
4866 0.9997944923962186
4867 0.9997945346209164
4868 0.9997945768282662
4869 0.9997946190182789
4870 0.999794661190965
4871 0.9997947033463355
4872 0.9997947454844006
4873 0.9997947876051714
4874 0.9997948297086582
4875 0.9997948717948718
4876 0.9997949138638228
4877 0.9997949559155218
4878 0.9997949979499795
4879 0.9997950399672064
4880 0.9997950819672131
4881 0.9997951239500102
4882 0.9997951659156084
4883 0.999795207864018
4884 0.9997952497952498
4885 0.9997952917093142
4886 0.9997953336062219
4887 0.9997953754859832
4888 0.9997954173486089
4889 0.9997954591941092
4890 0.9997955010224949
4891 0.9997955428337764
4892 0.999795584627964
4893 0.9997956264050685
4894 0.9997956681651001
4895 0.9997957099080694
4896 0.9997957516339869
4897 0.999795793342863
4898 0.999795835034708
4899 0.9997958767095325
4900 0.9997959183673469
4901 0.9997959600081616
4902 0.9997960016319869
4903 0.9997960432388334
4904 0.9997960848287113
4905 0.999796126401631
4906 0.999796167957603
4907 0.9997962094966375
4908 0.9997962510187449
4909 0.9997962925239356
4910 0.99979633401222
4911 0.9997963754836082
4912 0.9997964169381107
4913 0.9997964583757378
4914 0.9997964997964998
4915 0.999796541200407
4916 0.9997965825874695
4917 0.9997966239576977
4918 0.9997966653111021
4919 0.9997967066476926
4920 0.9997967479674796
4921 0.9997967892704734
4922 0.9997968305566842
4923 0.9997968718261223
4924 0.9997969130787977
4925 0.9997969543147208
4926 0.9997969955339018
4927 0.9997970367363507
4928 0.999797077922078
4929 0.9997971190910935
4930 0.9997971602434077
4931 0.9997972013790306
4932 0.9997972424979724
4933 0.9997972836002432
4934 0.9997973246858533
4935 0.9997973657548126
4936 0.9997974068071313
4937 0.9997974478428195
4938 0.9997974888618874
4939 0.999797529864345
4940 0.9997975708502024
4941 0.9997976118194697
4942 0.999797652772157
4943 0.9997976937082743
4944 0.9997977346278317
4945 0.9997977755308393
4946 0.9997978164173069
4947 0.9997978572872448
4948 0.9997978981406629
4949 0.9997979389775712
4950 0.9997979797979798
4951 0.9997980206018986
4952 0.9997980613893377
4953 0.9997981021603068
4954 0.9997981429148163
4955 0.9997981836528759
4956 0.9997982243744956
4957 0.9997982650796853
4958 0.9997983057684551
4959 0.9997983464408147
4960 0.9997983870967742
4961 0.9997984277363435
4962 0.9997984683595325
4963 0.999798508966351
4964 0.999798549556809
4965 0.9997985901309164
4966 0.999798630688683
4967 0.9997986712301188
4968 0.9997987117552335
4969 0.999798752264037
4970 0.9997987927565393
4971 0.99979883323275
4972 0.9997988736926791
4973 0.9997989141363363
4974 0.9997989545637314
4975 0.9997989949748743
4976 0.9997990353697749
4977 0.9997990757484428
4978 0.9997991161108879
4979 0.9997991564571199
4980 0.9997991967871486
4981 0.9997992371009837
4982 0.9997992773986351
4983 0.9997993176801124
4984 0.9997993579454254
4985 0.9997993981945837
4986 0.9997994384275972
4987 0.9997994786444756
4988 0.9997995188452286
4989 0.9997995590298657
4990 0.9997995991983968
4991 0.9997996393508315
4992 0.9997996794871795
4993 0.9997997196074504
4994 0.999799759711654
4995 0.9997997997997998
4996 0.9997998398718975
4997 0.9997998799279568
4998 0.9997999199679872
4999 0.9997999599919984
5000 0.9998
5001 0.9998000399920016
5002 0.9998000799680128
5003 0.9998001199280432
5004 0.9998001598721024
5005 0.9998001998001999
5006 0.9998002397123452
5007 0.999800279608548
5008 0.9998003194888179
5009 0.9998003593531644
5010 0.9998003992015968
5011 0.999800439034125
5012 0.9998004788507582
5013 0.9998005186515061
5014 0.9998005584363782
5015 0.9998005982053838
5016 0.9998006379585327
5017 0.9998006776958341
5018 0.9998007174172977
5019 0.9998007571229328
5020 0.999800796812749
5021 0.9998008364867557
5022 0.9998008761449622
5023 0.9998009157873781
5024 0.9998009554140127
5025 0.9998009950248756
5026 0.9998010346199762
5027 0.9998010741993236
5028 0.9998011137629276
5029 0.9998011533107973
5030 0.9998011928429423
5031 0.9998012323593719
5032 0.9998012718600954
5033 0.9998013113451222
5034 0.9998013508144616
5035 0.9998013902681231
5036 0.999801429706116
5037 0.9998014691284495
5038 0.9998015085351329
5039 0.9998015479261758
5040 0.9998015873015873
5041 0.9998016266613767
5042 0.9998016660055533
5043 0.9998017053341265
5044 0.9998017446471055
5045 0.9998017839444995
5046 0.9998018232263178
5047 0.9998018624925699
5048 0.9998019017432647
5049 0.9998019409784116
5050 0.9998019801980198
5051 0.9998020194020986
5052 0.9998020585906572
5053 0.9998020977637048
5054 0.9998021369212505
5055 0.9998021760633037
5056 0.9998022151898734
5057 0.9998022543009689
5058 0.9998022933965994
5059 0.9998023324767741
5060 0.999802371541502
5061 0.9998024105907923
5062 0.9998024496246543
5063 0.999802488643097
5064 0.9998025276461295
5065 0.9998025666337611
5066 0.9998026056060008
5067 0.9998026445628577
5068 0.999802683504341
5069 0.9998027224304596
5070 0.9998027613412229
5071 0.9998028002366397
5072 0.9998028391167192
5073 0.9998028779814705
5074 0.9998029168309026
5075 0.9998029556650246
5076 0.9998029944838456
5077 0.9998030332873744
5078 0.9998030720756204
5079 0.9998031108485922
5080 0.9998031496062992
5081 0.9998031883487503
5082 0.9998032270759544
5083 0.9998032657879206
5084 0.9998033044846577
5085 0.999803343166175
5086 0.9998033818324813
5087 0.9998034204835856
5088 0.9998034591194969
5089 0.999803497740224
5090 0.999803536345776
5091 0.9998035749361619
5092 0.9998036135113905
5093 0.9998036520714706
5094 0.9998036906164115
5095 0.9998037291462217
5096 0.9998037676609105
5097 0.9998038061604866
5098 0.9998038446449589
5099 0.9998038831143361
5100 0.9998039215686274
5101 0.9998039600078416
5102 0.9998039984319874
5103 0.9998040368410739
5104 0.9998040752351097
5105 0.9998041136141038
5106 0.999804151978065
5107 0.9998041903270022
5108 0.999804228660924
5109 0.9998042669798395
5110 0.9998043052837573
5111 0.9998043435726863
5112 0.9998043818466353
5113 0.9998044201056131
5114 0.9998044583496285
5115 0.9998044965786901
5116 0.9998045347928068
5117 0.9998045729919874
5118 0.9998046111762408
5119 0.9998046493455753
5120 0.9998046875
5121 0.9998047256395235
5122 0.9998047637641546
5123 0.999804801873902
5124 0.9998048399687745
5125 0.9998048780487805
5126 0.999804916113929
5127 0.9998049541642285
5128 0.999804992199688
5129 0.9998050302203159
5130 0.9998050682261208
5131 0.9998051062171117
5132 0.9998051441932969
5133 0.9998051821546854
5134 0.9998052201012856
5135 0.9998052580331062
5136 0.9998052959501558
5137 0.9998053338524431
5138 0.9998053717399766
5139 0.9998054096127651
5140 0.9998054474708171
5141 0.9998054853141413
5142 0.9998055231427461
5143 0.9998055609566401
5144 0.9998055987558321
5145 0.9998056365403304
5146 0.9998056743101438
5147 0.9998057120652808
5148 0.9998057498057498
5149 0.9998057875315596
5150 0.9998058252427184
5151 0.9998058629392351
5152 0.999805900621118
5153 0.9998059382883757
5154 0.9998059759410167
5155 0.9998060135790494
5156 0.9998060512024826
5157 0.9998060888113244
5158 0.9998061264055835
5159 0.9998061639852684
5160 0.9998062015503876
5161 0.9998062391009495
5162 0.9998062766369624
5163 0.999806314158435
5164 0.9998063516653757
5165 0.9998063891577929
5166 0.999806426635695
5167 0.9998064640990904
5168 0.9998065015479877
5169 0.999806538982395
5170 0.9998065764023211
5171 0.9998066138077741
5172 0.9998066511987626
5173 0.9998066885752948
5174 0.9998067259373792
5175 0.9998067632850242
5176 0.999806800618238
5177 0.9998068379370292
5178 0.999806875241406
5179 0.9998069125313768
5180 0.9998069498069498
5181 0.9998069870681335
5182 0.9998070243149363
5183 0.9998070615473664
5184 0.9998070987654321
5185 0.9998071359691417
5186 0.9998071731585036
5187 0.9998072103335262
5188 0.9998072474942175
5189 0.9998072846405859
5190 0.9998073217726396
5191 0.9998073588903872
5192 0.9998073959938367
5193 0.9998074330829964
5194 0.9998074701578745
5195 0.9998075072184793
5196 0.9998075442648191
5197 0.9998075812969021
5198 0.9998076183147364
5199 0.9998076553183305
5200 0.9998076923076923
5201 0.9998077292828302
5202 0.9998077662437524
5203 0.999807803190467
5204 0.9998078401229823
5205 0.9998078770413065
5206 0.9998079139454475
5207 0.9998079508354139
5208 0.9998079877112135
5209 0.9998080245728547
5210 0.9998080614203455
5211 0.9998080982536941
5212 0.9998081350729087
5213 0.9998081718779973
5214 0.9998082086689681
5215 0.9998082454458294
5216 0.999808282208589
5217 0.9998083189572551
5218 0.9998083556918359
5219 0.9998083924123395
5220 0.999808429118774
5221 0.9998084658111472
5222 0.9998085024894676
5223 0.999808539153743
5224 0.9998085758039816
5225 0.9998086124401914
5226 0.9998086490623804
5227 0.9998086856705567
5228 0.9998087222647284
5229 0.9998087588449034
5230 0.9998087954110899
5231 0.9998088319632957
5232 0.9998088685015291
5233 0.9998089050257978
5234 0.99980894153611
5235 0.9998089780324737
5236 0.9998090145148969
5237 0.9998090509833875
5238 0.9998090874379534
5239 0.9998091238786028
5240 0.9998091603053435
5241 0.9998091967181836
5242 0.9998092331171309
5243 0.9998092695021934
5244 0.9998093058733791
5245 0.999809342230696
5246 0.9998093785741518
5247 0.9998094149037545
5248 0.9998094512195121
5249 0.9998094875214326
5250 0.9998095238095238
5251 0.9998095600837935
5252 0.9998095963442498
5253 0.9998096325909004
5254 0.9998096688237533
5255 0.9998097050428164
5256 0.9998097412480974
5257 0.9998097774396043
5258 0.999809813617345
5259 0.9998098497813273
5260 0.999809885931559
5261 0.9998099220680479
5262 0.999809958190802
5263 0.999809994299829
5264 0.9998100303951368
5265 0.9998100664767331
5266 0.9998101025446259
5267 0.9998101385988228
5268 0.9998101746393319
5269 0.9998102106661606
5270 0.9998102466793168
5271 0.9998102826788086
5272 0.9998103186646434
5273 0.9998103546368291
5274 0.9998103905953736
5275 0.9998104265402844
5276 0.9998104624715694
5277 0.9998104983892363
5278 0.9998105342932929
5279 0.999810570183747
5280 0.999810606060606
5281 0.999810641923878
5282 0.9998106777735706
5283 0.9998107136096914
5284 0.9998107494322483
5285 0.9998107852412488
5286 0.9998108210367007
5287 0.9998108568186117
5288 0.9998108925869894
5289 0.9998109283418416
5290 0.9998109640831758
5291 0.9998109998109999
5292 0.9998110355253212
5293 0.9998110712261478
5294 0.999811106913487
5295 0.9998111425873466
5296 0.9998111782477341
5297 0.9998112138946573
5298 0.9998112495281238
5299 0.9998112851481411
5300 0.999811320754717
5301 0.9998113563478589
5302 0.9998113919275745
5303 0.9998114274938714
5304 0.9998114630467572
5305 0.9998114985862394
5306 0.9998115341123257
5307 0.9998115696250236
5308 0.9998116051243406
5309 0.9998116406102844
5310 0.9998116760828625
5311 0.9998117115420825
5312 0.9998117469879518
5313 0.9998117824204781
5314 0.9998118178396688
5315 0.9998118532455316
5316 0.9998118886380737
5317 0.999811924017303
5318 0.9998119593832268
5319 0.9998119947358526
5320 0.9998120300751879
5321 0.9998120654012403
5322 0.9998121007140173
5323 0.9998121360135263
5324 0.9998121712997746
5325 0.9998122065727699
5326 0.9998122418325197
5327 0.9998122770790313
5328 0.9998123123123123
5329 0.99981234753237
5330 0.999812382739212
5331 0.9998124179328456
5332 0.9998124531132783
5333 0.9998124882805175
5334 0.9998125234345707
5335 0.9998125585754452
5336 0.9998125937031485
5337 0.9998126288176878
5338 0.9998126639190709
5339 0.9998126990073047
5340 0.999812734082397
5341 0.999812769144355
5342 0.9998128041931861
5343 0.9998128392288976
5344 0.999812874251497
5345 0.9998129092609915
5346 0.9998129442573886
5347 0.9998129792406957
5348 0.99981301421092
5349 0.9998130491680688
5350 0.9998130841121495
5351 0.9998131190431695
5352 0.999813153961136
5353 0.9998131888660564
5354 0.999813223757938
5355 0.999813258636788
5356 0.9998132935026139
5357 0.9998133283554228
5358 0.9998133631952221
5359 0.9998133980220191
5360 0.9998134328358209
5361 0.9998134676366349
5362 0.9998135024244685
5363 0.9998135371993288
5364 0.999813571961223
5365 0.9998136067101584
5366 0.9998136414461424
5367 0.999813676169182
5368 0.9998137108792846
5369 0.9998137455764574
5370 0.9998137802607077
5371 0.9998138149320425
5372 0.9998138495904692
5373 0.9998138842359948
5374 0.9998139188686267
5375 0.9998139534883721
5376 0.9998139880952381
5377 0.9998140226892319
5378 0.9998140572703608
5379 0.9998140918386317
5380 0.9998141263940521
5381 0.9998141609366289
5382 0.9998141954663694
5383 0.9998142299832807
5384 0.99981426448737
5385 0.9998142989786444
5386 0.999814333457111
5387 0.999814367922777
5388 0.9998144023756496
5389 0.9998144368157358
5390 0.9998144712430427
5391 0.9998145056575775
5392 0.9998145400593472
5393 0.999814574448359
5394 0.9998146088246199
5395 0.9998146431881372
5396 0.9998146775389177
5397 0.9998147118769687
5398 0.9998147462022972
5399 0.9998147805149101
5400 0.9998148148148148
5401 0.9998148491020181
5402 0.9998148833765272
5403 0.9998149176383491
5404 0.9998149518874907
5405 0.9998149861239592
5406 0.9998150203477617
5407 0.9998150545589051
5408 0.9998150887573964
5409 0.9998151229432427
5410 0.999815157116451
5411 0.9998151912770282
5412 0.9998152254249815
5413 0.9998152595603178
5414 0.999815293683044
5415 0.9998153277931672
5416 0.9998153618906942
5417 0.9998153959756323
5418 0.9998154300479882
5419 0.999815464107769
5420 0.9998154981549815
5421 0.9998155321896329
5422 0.99981556621173
5423 0.9998156002212797
5424 0.9998156342182891
5425 0.999815668202765
5426 0.9998157021747144
5427 0.9998157361341441
5428 0.9998157700810612
5429 0.9998158040154724
5430 0.9998158379373849
5431 0.9998158718468054
5432 0.9998159057437408
5433 0.999815939628198
5434 0.999815973500184
5435 0.9998160073597057
5436 0.9998160412067697
5437 0.9998160750413831
5438 0.9998161088635528
5439 0.9998161426732856
5440 0.9998161764705882
5441 0.9998162102554677
5442 0.9998162440279309
5443 0.9998162777879845
5444 0.9998163115356355
5445 0.9998163452708907
5446 0.9998163789937569
5447 0.9998164127042408
5448 0.9998164464023495
5449 0.9998164800880895
5450 0.9998165137614679
5451 0.9998165474224913
5452 0.9998165810711666
5453 0.9998166147075005
5454 0.9998166483314999
5455 0.9998166819431714
5456 0.9998167155425219
5457 0.9998167491295583
5458 0.9998167827042873
5459 0.9998168162667155
5460 0.9998168498168498
5461 0.999816883354697
5462 0.9998169168802636
5463 0.9998169503935567
5464 0.9998169838945827
5465 0.9998170173833486
5466 0.999817050859861
5467 0.9998170843241265
5468 0.9998171177761521
5469 0.9998171512159444
5470 0.9998171846435101
5471 0.9998172180588558
5472 0.9998172514619883
5473 0.9998172848529143
5474 0.9998173182316404
5475 0.9998173515981735
5476 0.99981738495252
5477 0.9998174182946868
5478 0.9998174516246805
5479 0.9998174849425078
5480 0.9998175182481752
5481 0.9998175515416895
5482 0.9998175848230573
5483 0.9998176180922852
5484 0.99981765134938
5485 0.9998176845943483
5486 0.9998177178271965
5487 0.9998177510479315
5488 0.9998177842565598
5489 0.999817817453088
5490 0.9998178506375228
5491 0.9998178838098707
5492 0.9998179169701383
5493 0.9998179501183324
5494 0.9998179832544594
5495 0.999818016378526
5496 0.9998180494905385
5497 0.9998180825905039
5498 0.9998181156784285
5499 0.999818148754319
5500 0.9998181818181818
5501 0.9998182148700236
5502 0.999818247909851
5503 0.9998182809376703
5504 0.9998183139534884
5505 0.9998183469573115
5506 0.9998183799491464
5507 0.9998184129289994
5508 0.9998184458968773
5509 0.9998184788527863
5510 0.9998185117967332
5511 0.9998185447287243
5512 0.9998185776487664
5513 0.9998186105568656
5514 0.9998186434530286
5515 0.999818676337262
5516 0.9998187092095722
5517 0.9998187420699656
5518 0.9998187749184487
5519 0.9998188077550281
5520 0.9998188405797102
5521 0.9998188733925013
5522 0.9998189061934082
5523 0.9998189389824371
5524 0.9998189717595944
5525 0.9998190045248869
5526 0.9998190372783207
5527 0.9998190700199023
5528 0.9998191027496383
5529 0.9998191354675349
5530 0.9998191681735985
5531 0.9998192008678358
5532 0.999819233550253
5533 0.9998192662208567
5534 0.999819298879653
5535 0.9998193315266486
5536 0.9998193641618497
5537 0.9998193967852628
5538 0.9998194293968942
5539 0.9998194619967503
5540 0.9998194945848375
5541 0.9998195271611623
5542 0.9998195597257308
5543 0.9998195922785496
5544 0.9998196248196248
5545 0.999819657348963
5546 0.9998196898665705
5547 0.9998197223724535
5548 0.9998197548666186
5549 0.999819787349072
5550 0.9998198198198198
5551 0.9998198522788687
5552 0.9998198847262247
5553 0.9998199171618944
5554 0.999819949585884
5555 0.9998199819981998
5556 0.999820014398848
5557 0.9998200467878352
5558 0.9998200791651674
5559 0.9998201115308508
5560 0.999820143884892
5561 0.9998201762272972
5562 0.9998202085580726
5563 0.9998202408772245
5564 0.9998202731847592
5565 0.9998203054806828
5566 0.9998203377650018
5567 0.9998203700377223
5568 0.9998204022988506
5569 0.9998204345483929
5570 0.9998204667863555
5571 0.9998204990127446
5572 0.9998205312275664
5573 0.9998205634308271
5574 0.9998205956225332
5575 0.9998206278026905
5576 0.9998206599713056
5577 0.9998206921283844
5578 0.9998207242739333
5579 0.9998207564079584
5580 0.999820788530466
5581 0.999820820641462
5582 0.9998208527409531
5583 0.999820884828945
5584 0.9998209169054442
5585 0.9998209489704566
5586 0.9998209810239885
5587 0.9998210130660462
5588 0.9998210450966356
5589 0.9998210771157631
5590 0.9998211091234347
5591 0.9998211411196566
5592 0.9998211731044349
5593 0.9998212050777758
5594 0.9998212370396854
5595 0.9998212689901698
5596 0.9998213009292352
5597 0.9998213328568876
5598 0.9998213647731332
5599 0.9998213966779782
5600 0.9998214285714285
5601 0.9998214604534904
5602 0.99982149232417
5603 0.9998215241834731
5604 0.9998215560314061
5605 0.999821587867975
5606 0.9998216196931858
5607 0.9998216515070447
5608 0.9998216833095578
5609 0.9998217151007309
5610 0.9998217468805705
5611 0.9998217786490822
5612 0.9998218104062723
5613 0.9998218421521468
5614 0.9998218738867118
5615 0.9998219056099733
5616 0.9998219373219374
5617 0.9998219690226099
5618 0.9998220007119971
5619 0.999822032390105
5620 0.9998220640569395
5621 0.9998220957125067
5622 0.9998221273568125
5623 0.999822158989863
5624 0.9998221906116643
5625 0.9998222222222222
5626 0.9998222538215429
5627 0.9998222854096321
5628 0.999822316986496
5629 0.9998223485521407
5630 0.999822380106572
5631 0.9998224116497958
5632 0.9998224431818182
5633 0.9998224747026452
5634 0.9998225062122825
5635 0.9998225377107365
5636 0.9998225691980128
5637 0.9998226006741174
5638 0.9998226321390564
5639 0.9998226635928356
5640 0.999822695035461
5641 0.9998227264669385
5642 0.999822757887274
5643 0.9998227892964735
5644 0.9998228206945429
5645 0.999822852081488
5646 0.999822883457315
5647 0.9998229148220295
5648 0.9998229461756374
5649 0.9998229775181448
5650 0.9998230088495575
5651 0.9998230401698814
5652 0.9998230714791224
5653 0.9998231027772864
5654 0.9998231340643792
5655 0.9998231653404067
5656 0.9998231966053748
5657 0.9998232278592893
5658 0.9998232591021562
5659 0.9998232903339813
5660 0.9998233215547703
5661 0.9998233527645293
5662 0.9998233839632639
5663 0.99982341515098
5664 0.9998234463276836
5665 0.9998234774933804
5666 0.9998235086480762
5667 0.999823539791777
5668 0.9998235709244884
5669 0.9998236020462162
5670 0.9998236331569665
5671 0.9998236642567448
5672 0.9998236953455572
5673 0.9998237264234091
5674 0.9998237574903066
5675 0.9998237885462555
5676 0.9998238195912614
5677 0.9998238506253303
5678 0.9998238816484678
5679 0.9998239126606797
5680 0.9998239436619718
5681 0.99982397465235
5682 0.9998240056318198
5683 0.9998240366003871
5684 0.9998240675580577
5685 0.9998240985048373
5686 0.9998241294407316
5687 0.9998241603657464
5688 0.9998241912798875
5689 0.9998242221831605
5690 0.9998242530755712
5691 0.9998242839571253
5692 0.9998243148278285
5693 0.9998243456876866
5694 0.9998243765367053
5695 0.9998244073748902
5696 0.9998244382022472
5697 0.9998244690187819
5698 0.9998244998244998
5699 0.9998245306194069
5700 0.9998245614035087
5701 0.9998245921768111
5702 0.9998246229393195
5703 0.9998246536910398
5704 0.9998246844319776
5705 0.9998247151621384
5706 0.9998247458815283
5707 0.9998247765901525
5708 0.9998248072880168
5709 0.999824837975127
5710 0.9998248686514886
5711 0.9998248993171074
5712 0.9998249299719888
5713 0.9998249606161387
5714 0.9998249912495625
5715 0.999825021872266
5716 0.9998250524842547
5717 0.9998250830855344
5718 0.9998251136761105
5719 0.9998251442559888
5720 0.9998251748251749
5721 0.9998252053836741
5722 0.9998252359314925
5723 0.9998252664686353
5724 0.9998252969951084
5725 0.999825327510917
5726 0.9998253580160671
5727 0.999825388510564
5728 0.9998254189944135
5729 0.9998254494676209
5730 0.999825479930192
5731 0.9998255103821323
5732 0.9998255408234473
5733 0.9998255712541427
5734 0.999825601674224
5735 0.9998256320836966
5736 0.9998256624825662
5737 0.9998256928708384
5738 0.9998257232485186
5739 0.9998257536156124
5740 0.9998257839721254
5741 0.999825814318063
5742 0.9998258446534308
5743 0.9998258749782344
5744 0.9998259052924791
5745 0.9998259355961706
5746 0.9998259658893143
5747 0.9998259961719158
5748 0.9998260264439806
5749 0.999826056705514
5750 0.9998260869565218
5751 0.9998261171970092
5752 0.999826147426982
5753 0.9998261776464453
5754 0.9998262078554049
5755 0.9998262380538662
5756 0.9998262682418346
5757 0.9998262984193156
5758 0.9998263285863147
5759 0.9998263587428373
5760 0.9998263888888889
5761 0.9998264190244749
5762 0.9998264491496008
5763 0.999826479264272
5764 0.9998265093684942
5765 0.9998265394622723
5766 0.9998265695456122
5767 0.9998265996185192
5768 0.9998266296809986
5769 0.999826659733056
5770 0.9998266897746967
5771 0.9998267198059262
5772 0.9998267498267498
5773 0.999826779837173
5774 0.9998268098372013
5775 0.9998268398268398
5776 0.9998268698060941
5777 0.9998268997749697
5778 0.9998269297334718
5779 0.9998269596816058
5780 0.9998269896193772
5781 0.9998270195467912
5782 0.9998270494638534
5783 0.9998270793705689
5784 0.9998271092669433
5785 0.9998271391529818
5786 0.99982716902869
5787 0.9998271988940729
5788 0.9998272287491361
5789 0.999827258593885
5790 0.9998272884283247
5791 0.9998273182524607
5792 0.9998273480662984
5793 0.9998273778698429
5794 0.9998274076630997
5795 0.9998274374460742
5796 0.9998274672187716
5797 0.9998274969811972
5798 0.9998275267333563
5799 0.9998275564752543
5800 0.9998275862068966
5801 0.9998276159282882
5802 0.9998276456394347
5803 0.9998276753403412
5804 0.9998277050310131
5805 0.9998277347114557
5806 0.9998277643816741
5807 0.9998277940416739
5808 0.9998278236914601
5809 0.9998278533310381
5810 0.999827882960413
5811 0.9998279125795905
5812 0.9998279421885754
5813 0.9998279717873731
5814 0.999828001375989
5815 0.9998280309544282
5816 0.999828060522696
5817 0.9998280900807976
5818 0.9998281196287384
5819 0.9998281491665234
5820 0.9998281786941581
5821 0.9998282082116475
5822 0.9998282377189969
5823 0.9998282672162115
5824 0.9998282967032966
5825 0.9998283261802575
5826 0.9998283556470993
5827 0.999828385103827
5828 0.9998284145504461
5829 0.9998284439869617
5830 0.9998284734133791
5831 0.9998285028297033
5832 0.9998285322359396
5833 0.9998285616320932
5834 0.9998285910181693
5835 0.9998286203941731
5836 0.9998286497601097
5837 0.9998286791159843
5838 0.9998287084618019
5839 0.9998287377975681
5840 0.9998287671232877
5841 0.9998287964389659
5842 0.999828825744608
5843 0.999828855040219
5844 0.9998288843258042
5845 0.9998289136013687
5846 0.9998289428669176
5847 0.9998289721224559
5848 0.999829001367989
5849 0.999829030603522
5850 0.9998290598290598
5851 0.9998290890446078
5852 0.9998291182501708
5853 0.9998291474457544
5854 0.9998291766313632
5855 0.9998292058070025
5856 0.9998292349726776
5857 0.9998292641283933
5858 0.999829293274155
5859 0.9998293224099676
5860 0.9998293515358362
5861 0.999829380651766
5862 0.9998294097577619
5863 0.9998294388538291
5864 0.9998294679399727
5865 0.9998294970161978
5866 0.9998295260825094
5867 0.9998295551389126
5868 0.9998295841854125
5869 0.999829613222014
5870 0.9998296422487223
5871 0.9998296712655425
5872 0.9998297002724795
5873 0.9998297292695386
5874 0.9998297582567246
5875 0.9998297872340426
5876 0.9998298162014976
5877 0.9998298451590948
5878 0.9998298741068391
5879 0.9998299030447355
5880 0.9998299319727891
5881 0.999829960891005
5882 0.999829989799388
5883 0.9998300186979432
5884 0.9998300475866757
5885 0.9998300764655905
5886 0.9998301053346925
5887 0.9998301341939867
5888 0.9998301630434783
5889 0.999830191883172
5890 0.999830220713073
5891 0.9998302495331862
5892 0.9998302783435167
5893 0.9998303071440693
5894 0.999830335934849
5895 0.999830364715861
5896 0.9998303934871099
5897 0.999830422248601
5898 0.9998304510003391
5899 0.9998304797423292
5900 0.9998305084745762
5901 0.9998305371970853
5902 0.9998305659098611
5903 0.9998305946129087
5904 0.9998306233062331
5905 0.9998306519898391
5906 0.9998306806637318
5907 0.9998307093279161
5908 0.9998307379823967
5909 0.9998307666271788
5910 0.9998307952622674
5911 0.9998308238876671
5912 0.999830852503383
5913 0.9998308811094199
5914 0.9998309097057829
5915 0.9998309382924767
5916 0.9998309668695065
5917 0.9998309954368768
5918 0.9998310239945928
5919 0.9998310525426592
5920 0.9998310810810811
5921 0.9998311096098632
5922 0.9998311381290105
5923 0.9998311666385278
5924 0.99983119513842
5925 0.999831223628692
5926 0.9998312521093486
5927 0.9998312805803948
5928 0.9998313090418354
5929 0.9998313374936751
5930 0.999831365935919
5931 0.9998313943685719
5932 0.9998314227916386
5933 0.9998314512051238
5934 0.9998314796090327
5935 0.9998315080033698
5936 0.9998315363881402
5937 0.9998315647633484
5938 0.9998315931289997
5939 0.9998316214850985
5940 0.9998316498316498
5941 0.9998316781686585
5942 0.9998317064961293
5943 0.999831734814067
5944 0.9998317631224765
5945 0.9998317914213625
5946 0.9998318197107299
5947 0.9998318479905834
5948 0.9998318762609281
5949 0.9998319045217684
5950 0.9998319327731092
5951 0.9998319610149554
5952 0.9998319892473119
5953 0.9998320174701831
5954 0.9998320456835741
5955 0.9998320738874895
5956 0.9998321020819342
5957 0.9998321302669129
5958 0.9998321584424303
5959 0.9998321866084914
5960 0.9998322147651006
5961 0.999832242912263
5962 0.9998322710499832
5963 0.999832299178266
5964 0.999832327297116
5965 0.9998323554065381
5966 0.999832383506537
5967 0.9998324115971174
5968 0.9998324396782842
5969 0.9998324677500419
5970 0.9998324958123953
5971 0.9998325238653492
5972 0.9998325519089082
5973 0.9998325799430772
5974 0.9998326079678608
5975 0.9998326359832636
5976 0.9998326639892905
5977 0.9998326919859462
5978 0.9998327199732352
5979 0.9998327479511624
5980 0.9998327759197324
5981 0.99983280387895
5982 0.9998328318288198
5983 0.9998328597693464
5984 0.9998328877005348
5985 0.9998329156223893
5986 0.9998329435349148
5987 0.9998329714381159
5988 0.9998329993319973
5989 0.9998330272165638
5990 0.9998330550918197
5991 0.99983308295777
5992 0.9998331108144193
5993 0.999833138661772
5994 0.9998331664998331
5995 0.9998331943286072
5996 0.9998332221480988
5997 0.9998332499583125
5998 0.9998332777592531
5999 0.9998333055509252
6000 0.9998333333333334
6001 0.9998333611064822
6002 0.9998333888703765
6003 0.9998334166250208
6004 0.9998334443704198
6005 0.9998334721065778
6006 0.9998334998334998
6007 0.9998335275511903
6008 0.9998335552596538
6009 0.999833582958895
6010 0.9998336106489185
6011 0.9998336383297288
6012 0.9998336660013307
6013 0.9998336936637285
6014 0.9998337213169272
6015 0.999833748960931
6016 0.9998337765957447
6017 0.9998338042213728
6018 0.9998338318378198
6019 0.9998338594450905
6020 0.9998338870431893
6021 0.9998339146321209
6022 0.9998339422118897
6023 0.9998339697825004
6024 0.9998339973439575
6025 0.9998340248962656
6026 0.9998340524394291
6027 0.9998340799734527
6028 0.9998341074983411
6029 0.9998341350140986
6030 0.9998341625207297
6031 0.9998341900182391
6032 0.9998342175066313
6033 0.9998342449859108
6034 0.9998342724560823
6035 0.99983429991715
6036 0.9998343273691186
6037 0.9998343548119927
6038 0.9998343822457767
6039 0.9998344096704752
6040 0.9998344370860928
6041 0.9998344644926337
6042 0.9998344918901027
6043 0.9998345192785041
6044 0.9998345466578424
6045 0.9998345740281224
6046 0.9998346013893483
6047 0.9998346287415247
6048 0.999834656084656
6049 0.9998346834187469
6050 0.9998347107438017
6051 0.9998347380598248
6052 0.9998347653668209
6053 0.9998347926647944
6054 0.9998348199537496
6055 0.9998348472336912
6056 0.9998348745046235
6057 0.9998349017665511
6058 0.9998349290194783
6059 0.9998349562634098
6060 0.9998349834983499
6061 0.9998350107243029
6062 0.9998350379412735
6063 0.999835065149266
6064 0.9998350923482849
6065 0.9998351195383347
6066 0.9998351467194198
6067 0.9998351738915444
6068 0.9998352010547132
6069 0.9998352282089307
6070 0.999835255354201
6071 0.9998352824905288
6072 0.9998353096179183
6073 0.9998353367363741
6074 0.9998353638459005
6075 0.9998353909465021
6076 0.999835418038183
6077 0.9998354451209478
6078 0.999835472194801
6079 0.9998354992597467
6080 0.9998355263157894
6081 0.9998355533629337
6082 0.9998355804011838
6083 0.9998356074305441
6084 0.9998356344510191
6085 0.9998356614626129
6086 0.9998356884653302
6087 0.9998357154591753
6088 0.9998357424441524
6089 0.9998357694202661
6090 0.9998357963875205
6091 0.9998358233459202
6092 0.9998358502954695
6093 0.9998358772361726
6094 0.9998359041680341
6095 0.9998359310910583
6096 0.9998359580052494
6097 0.9998359849106118
6098 0.9998360118071499
6099 0.999836038694868
6100 0.9998360655737705
6101 0.9998360924438616
6102 0.9998361193051458
6103 0.9998361461576274
6104 0.9998361730013107
6105 0.9998361998361999
6106 0.9998362266622994
6107 0.9998362534796136
6108 0.9998362802881466
6109 0.999836307087903
6110 0.999836333878887
6111 0.9998363606611029
6112 0.9998363874345549
6113 0.9998364141992475
6114 0.9998364409551849
6115 0.9998364677023712
6116 0.999836494440811
6117 0.9998365211705085
6118 0.9998365478914678
6119 0.9998365746036935
6120 0.9998366013071895
6121 0.9998366280019605
6122 0.9998366546880104
6123 0.9998366813653438
6124 0.9998367080339647
6125 0.9998367346938776
6126 0.9998367613450865
6127 0.9998367879875959
6128 0.9998368146214099
6129 0.9998368412465328
6130 0.999836867862969
6131 0.9998368944707225
6132 0.9998369210697978
6133 0.9998369476601989
6134 0.9998369742419302
6135 0.9998370008149959
6136 0.9998370273794003
6137 0.9998370539351474
6138 0.9998370804822417
6139 0.9998371070206874
6140 0.9998371335504886
6141 0.9998371600716496
6142 0.9998371865841745
6143 0.9998372130880677
6144 0.9998372395833334
6145 0.9998372660699756
6146 0.9998372925479987
6147 0.9998373190174069
6148 0.9998373454782042
6149 0.9998373719303952
6150 0.9998373983739838
6151 0.9998374248089742
6152 0.9998374512353706
6153 0.9998374776531773
6154 0.9998375040623985
6155 0.9998375304630381
6156 0.9998375568551007
6157 0.9998375832385902
6158 0.9998376096135109
6159 0.9998376359798669
6160 0.9998376623376624
6161 0.9998376886869015
6162 0.9998377150275884
6163 0.9998377413597274
6164 0.9998377676833226
6165 0.9998377939983779
6166 0.9998378203048979
6167 0.9998378466028863
6168 0.9998378728923476
6169 0.9998378991732858
6170 0.999837925445705
6171 0.9998379517096094
6172 0.9998379779650033
6173 0.9998380042118905
6174 0.9998380304502753
6175 0.9998380566801619
6176 0.9998380829015544
6177 0.9998381091144568
6178 0.9998381353188734
6179 0.9998381615148082
6180 0.9998381877022654
6181 0.9998382138812489
6182 0.9998382400517631
6183 0.9998382662138121
6184 0.9998382923673997
6185 0.9998383185125304
6186 0.9998383446492078
6187 0.9998383707774365
6188 0.9998383968972204
6189 0.9998384230085636
6190 0.9998384491114701
6191 0.9998384752059442
6192 0.9998385012919897
6193 0.9998385273696109
6194 0.9998385534388118
6195 0.9998385794995964
6196 0.999838605551969
6197 0.9998386315959336
6198 0.999838657631494
6199 0.9998386836586546
6200 0.9998387096774194
6201 0.9998387356877922
6202 0.9998387616897775
6203 0.999838787683379
6204 0.999838813668601
6205 0.9998388396454472
6206 0.999838865613922
6207 0.9998388915740293
6208 0.9998389175257731
6209 0.9998389434691577
6210 0.9998389694041868
6211 0.9998389953308646
6212 0.9998390212491951
6213 0.9998390471591824
6214 0.9998390730608304
6215 0.9998390989541432
6216 0.9998391248391248
6217 0.9998391507157793
6218 0.9998391765841107
6219 0.9998392024441228
6220 0.99983922829582
6221 0.9998392541392059
6222 0.9998392799742848
6223 0.9998393058010606
6224 0.9998393316195373
6225 0.9998393574297189
6226 0.9998393832316094
6227 0.9998394090252127
6228 0.9998394348105331
6229 0.9998394605875742
6230 0.9998394863563402
6231 0.9998395121168352
6232 0.9998395378690629
6233 0.9998395636130274
6234 0.9998395893487327
6235 0.9998396150761828
6236 0.9998396407953817
6237 0.9998396665063332
6238 0.9998396922090413
6239 0.9998397179035102
6240 0.9998397435897436
6241 0.9998397692677455
6242 0.9998397949375201
6243 0.999839820599071
6244 0.9998398462524023
6245 0.999839871897518
6246 0.999839897534422
6247 0.9998399231631183
6248 0.9998399487836107
6249 0.9998399743959033
6250 0.99984
6251 0.9998400255959047
6252 0.9998400511836213
6253 0.9998400767631537
6254 0.9998401023345059
6255 0.9998401278976818
6256 0.9998401534526854
6257 0.9998401789995205
6258 0.9998402045381911
6259 0.999840230068701
6260 0.9998402555910543
6261 0.9998402811052548
6262 0.9998403066113063
6263 0.9998403321092129
6264 0.9998403575989783
6265 0.9998403830806065
6266 0.9998404085541015
6267 0.9998404340194671
6268 0.9998404594767071
6269 0.9998404849258254
6270 0.9998405103668262
6271 0.999840535799713
6272 0.9998405612244898
6273 0.9998405866411605
6274 0.9998406120497291
6275 0.9998406374501992
6276 0.9998406628425749
6277 0.99984068822686
6278 0.9998407136030583
6279 0.9998407389711738
6280 0.9998407643312102
6281 0.9998407896831715
6282 0.9998408150270615
6283 0.999840840362884
6284 0.9998408656906429
6285 0.9998408910103421
6286 0.9998409163219854
6287 0.9998409416255766
6288 0.9998409669211196
6289 0.9998409922086182
6290 0.9998410174880763
6291 0.9998410427594977
6292 0.9998410680228862
6293 0.9998410932782457
6294 0.9998411185255799
6295 0.9998411437648927
6296 0.999841168996188
6297 0.9998411942194696
6298 0.9998412194347411
6299 0.9998412446420066
6300 0.9998412698412699
6301 0.9998412950325345
6302 0.9998413202158045
6303 0.9998413453910836
6304 0.9998413705583756
6305 0.9998413957176844
6306 0.9998414208690136
6307 0.9998414460123672
6308 0.9998414711477489
6309 0.9998414962751625
6310 0.9998415213946117
6311 0.9998415465061005
6312 0.9998415716096325
6313 0.9998415967052114
6314 0.9998416217928413
6315 0.9998416468725257
6316 0.9998416719442685
6317 0.9998416970080735
6318 0.9998417220639443
6319 0.9998417471118848
6320 0.9998417721518987
6321 0.9998417971839899
6322 0.999841822208162
6323 0.9998418472244188
6324 0.9998418722327641
6325 0.9998418972332016
6326 0.9998419222257351
6327 0.9998419472103682
6328 0.9998419721871049
6329 0.9998419971559488
6330 0.9998420221169037
6331 0.9998420470699731
6332 0.9998420720151611
6333 0.9998420969524712
6334 0.9998421218819071
6335 0.9998421468034727
6336 0.9998421717171717
6337 0.9998421966230078
6338 0.9998422215209846
6339 0.9998422464111059
6340 0.9998422712933754
6341 0.9998422961677969
6342 0.999842321034374
6343 0.9998423458931105
6344 0.9998423707440101
6345 0.9998423955870764
6346 0.9998424204223133
6347 0.9998424452497243
6348 0.9998424700693131
6349 0.9998424948810837
6350 0.9998425196850393
6351 0.999842544481184
6352 0.9998425692695214
6353 0.999842594050055
6354 0.9998426188227888
6355 0.9998426435877262
6356 0.999842668344871
6357 0.9998426930942268
6358 0.9998427178357974
6359 0.9998427425695864
6360 0.9998427672955975
6361 0.9998427920138343
6362 0.9998428167243005
6363 0.9998428414269999
6364 0.9998428661219358
6365 0.9998428908091124
6366 0.9998429154885329
6367 0.999842940160201
6368 0.9998429648241206
6369 0.9998429894802952
6370 0.9998430141287284
6371 0.9998430387694239
6372 0.9998430634023855
6373 0.9998430880276165
6374 0.9998431126451208
6375 0.9998431372549019
6376 0.9998431618569636
6377 0.9998431864513094
6378 0.9998432110379429
6379 0.9998432356168678
6380 0.9998432601880878
6381 0.9998432847516063
6382 0.9998433093074272
6383 0.9998433338555538
6384 0.9998433583959899
6385 0.9998433829287392
6386 0.9998434074538052
6387 0.9998434319711915
6388 0.9998434564809017
6389 0.9998434809829394
6390 0.9998435054773083
6391 0.9998435299640119
6392 0.9998435544430538
6393 0.9998435789144376
6394 0.999843603378167
6395 0.9998436278342455
6396 0.9998436522826767
6397 0.9998436767234641
6398 0.9998437011566115
6399 0.9998437255821222
6400 0.99984375
6401 0.9998437744102484
6402 0.999843798812871
6403 0.9998438232078714
6404 0.999843847595253
6405 0.9998438719750196
6406 0.9998438963471745
6407 0.9998439207117216
6408 0.9998439450686641
6409 0.9998439694180059
6410 0.9998439937597504
6411 0.9998440180939011
6412 0.9998440424204617
6413 0.9998440667394355
6414 0.9998440910508263
6415 0.9998441153546376
6416 0.9998441396508728
6417 0.9998441639395356
6418 0.9998441882206295
6419 0.999844212494158
6420 0.9998442367601246
6421 0.999844261018533
6422 0.9998442852693865
6423 0.9998443095126888
6424 0.9998443337484434
6425 0.9998443579766537
6426 0.9998443821973234
6427 0.9998444064104559
6428 0.9998444306160548
6429 0.9998444548141235
6430 0.9998444790046657
6431 0.9998445031876847
6432 0.9998445273631841
6433 0.9998445515311675
6434 0.9998445756916382
6435 0.9998445998445998
6436 0.9998446239900559
6437 0.99984464812801
6438 0.9998446722584654
6439 0.9998446963814257
6440 0.9998447204968944
6441 0.999844744604875
6442 0.999844768705371
6443 0.9998447927983859
6444 0.999844816883923
6445 0.999844840961986
6446 0.9998448650325783
6447 0.9998448890957035
6448 0.9998449131513648
6449 0.9998449371995658
6450 0.9998449612403101
6451 0.999844985273601
6452 0.999845009299442
6453 0.9998450333178367
6454 0.9998450573287884
6455 0.9998450813323005
6456 0.9998451053283767
6457 0.9998451293170203
6458 0.9998451532982348
6459 0.9998451772720235
6460 0.99984520123839
6461 0.9998452251973379
6462 0.9998452491488703
6463 0.9998452730929909
6464 0.9998452970297029
6465 0.99984532095901
6466 0.9998453448809156
6467 0.999845368795423
6468 0.9998453927025356
6469 0.9998454166022569
6470 0.9998454404945905
6471 0.9998454643795395
6472 0.9998454882571075
6473 0.999845512127298
6474 0.9998455359901143
6475 0.9998455598455599
6476 0.9998455836936381
6477 0.9998456075343524
6478 0.9998456313677061
6479 0.9998456551937027
6480 0.9998456790123457
6481 0.9998457028236384
6482 0.9998457266275841
6483 0.9998457504241863
6484 0.9998457742134484
6485 0.999845797995374
6486 0.9998458217699661
6487 0.9998458455372283
6488 0.999845869297164
6489 0.9998458930497766
6490 0.9998459167950693
6491 0.9998459405330458
6492 0.9998459642637092
6493 0.999845987987063
6494 0.9998460117031106
6495 0.9998460354118552
6496 0.9998460591133005
6497 0.9998460828074496
6498 0.9998461064943059
6499 0.9998461301738729
6500 0.9998461538461538
6501 0.9998461775111521
6502 0.9998462011688711
6503 0.9998462248193142
6504 0.9998462484624846
6505 0.9998462720983858
6506 0.9998462957270212
6507 0.9998463193483941
6508 0.9998463429625076
6509 0.9998463665693655
6510 0.9998463901689708
6511 0.999846413761327
6512 0.9998464373464373
6513 0.9998464609243052
6514 0.999846484494934
6515 0.999846508058327
6516 0.9998465316144874
6517 0.9998465551634188
6518 0.9998465787051243
6519 0.9998466022396073
6520 0.9998466257668711
6521 0.9998466492869191
6522 0.9998466727997547
6523 0.9998466963053809
6524 0.9998467198038014
6525 0.9998467432950191
6526 0.9998467667790377
6527 0.9998467902558603
6528 0.9998468137254902
6529 0.9998468371879308
6530 0.9998468606431853
6531 0.9998468840912571
6532 0.9998469075321494
6533 0.9998469309658656
6534 0.9998469543924089
6535 0.9998469778117827
6536 0.9998470012239902
6537 0.9998470246290347
6538 0.9998470480269196
6539 0.999847071417648
6540 0.9998470948012232
6541 0.9998471181776487
6542 0.9998471415469276
6543 0.9998471649090631
6544 0.9998471882640587
6545 0.9998472116119175
6546 0.9998472349526428
6547 0.999847258286238
6548 0.9998472816127062
6549 0.9998473049320507
6550 0.9998473282442748
6551 0.9998473515493818
6552 0.9998473748473748
6553 0.9998473981382573
6554 0.9998474214220323
6555 0.9998474446987032
6556 0.9998474679682733
6557 0.9998474912307458
6558 0.9998475144861239
6559 0.9998475377344107
6560 0.9998475609756098
6561 0.9998475842097241
6562 0.999847607436757
6563 0.9998476306567119
6564 0.9998476538695917
6565 0.9998476770753999
6566 0.9998477002741395
6567 0.999847723465814
6568 0.9998477466504263
6569 0.99984776982798
6570 0.9998477929984779
6571 0.9998478161619236
6572 0.9998478393183201
6573 0.9998478624676708
6574 0.9998478856099787
6575 0.9998479087452471
6576 0.9998479318734793
6577 0.9998479549946784
6578 0.9998479781088476
6579 0.9998480012159903
6580 0.9998480243161094
6581 0.9998480474092083
6582 0.9998480704952902
6583 0.9998480935743582
6584 0.9998481166464156
6585 0.9998481397114655
6586 0.999848162769511
6587 0.9998481858205557
6588 0.9998482088646024
6589 0.9998482319016543
6590 0.9998482549317147
6591 0.9998482779547868
6592 0.9998483009708737
6593 0.9998483239799788
6594 0.9998483469821049
6595 0.9998483699772555
6596 0.9998483929654336
6597 0.9998484159466424
6598 0.9998484389208852
6599 0.9998484618881649
6600 0.9998484848484849
6601 0.9998485078018482
6602 0.9998485307482581
6603 0.9998485536877177
6604 0.9998485766202302
6605 0.9998485995457986
6606 0.9998486224644263
6607 0.9998486453761163
6608 0.9998486682808717
6609 0.9998486911786957
6610 0.9998487140695915
6611 0.9998487369535622
6612 0.9998487598306111
6613 0.999848782700741
6614 0.9998488055639553
6615 0.999848828420257
6616 0.9998488512696493
6617 0.9998488741121354
6618 0.9998488969477184
6619 0.9998489197764012
6620 0.9998489425981874
6621 0.9998489654130795
6622 0.9998489882210813
6623 0.9998490110221954
6624 0.9998490338164251
6625 0.9998490566037735
6626 0.9998490793842438
6627 0.9998491021578392
6628 0.9998491249245625
6629 0.9998491476844169
6630 0.9998491704374057
6631 0.9998491931835319
6632 0.9998492159227985
6633 0.9998492386552088
6634 0.9998492613807658
6635 0.9998492840994725
6636 0.9998493068113321
6637 0.9998493295163478
6638 0.9998493522145224
6639 0.9998493749058593
6640 0.9998493975903614
6641 0.9998494202680319
6642 0.9998494429388738
6643 0.9998494656028902
6644 0.9998494882600842
6645 0.999849510910459
6646 0.9998495335540174
6647 0.9998495561907628
6648 0.9998495788206979
6649 0.9998496014438262
6650 0.9998496240601503
6651 0.9998496466696737
6652 0.9998496692723993
6653 0.9998496918683301
6654 0.9998497144574692
6655 0.9998497370398197
6656 0.9998497596153846
6657 0.9998497821841671
6658 0.99984980474617
6659 0.9998498273013966
6660 0.9998498498498498
6661 0.9998498723915328
6662 0.9998498949264485
6663 0.9998499174546001
6664 0.9998499399759904
6665 0.9998499624906226
6666 0.9998499849984999
6667 0.999850007499625
6668 0.9998500299940012
6669 0.9998500524816314
6670 0.9998500749625188
6671 0.9998500974366662
6672 0.9998501199040767
6673 0.9998501423647534
6674 0.9998501648186995
6675 0.9998501872659176
6676 0.999850209706411
6677 0.9998502321401828
6678 0.9998502545672358
6679 0.999850276987573
6680 0.9998502994011976
6681 0.9998503218081125
6682 0.9998503442083209
6683 0.9998503666018256
6684 0.9998503889886295
6685 0.999850411368736
6686 0.9998504337421478
6687 0.9998504561088679
6688 0.9998504784688995
6689 0.9998505008222455
6690 0.9998505231689088
6691 0.9998505455088925
6692 0.9998505678421996
6693 0.9998505901688332
6694 0.9998506124887959
6695 0.9998506348020911
6696 0.9998506571087217
6697 0.9998506794086904
6698 0.9998507017020006
6699 0.999850723988655
6700 0.9998507462686567
6701 0.9998507685420086
6702 0.9998507908087139
6703 0.9998508130687752
6704 0.9998508353221957
6705 0.9998508575689784
6706 0.9998508798091261
6707 0.999850902042642
6708 0.9998509242695289
6709 0.9998509464897898
6710 0.9998509687034277
6711 0.9998509909104455
6712 0.9998510131108462
6713 0.9998510353046328
6714 0.9998510574918081
6715 0.9998510796723753
6716 0.9998511018463371
6717 0.9998511240136966
6718 0.9998511461744567
6719 0.9998511683286203
6720 0.9998511904761904
6721 0.99985121261717
6722 0.999851234751562
6723 0.9998512568793694
6724 0.9998512790005949
6725 0.9998513011152417
6726 0.9998513232233125
6727 0.9998513453248105
6728 0.9998513674197385
6729 0.9998513895080993
6730 0.999851411589896
6731 0.9998514336651315
6732 0.9998514557338086
6733 0.9998514777959305
6734 0.9998514998514999
6735 0.9998515219005196
6736 0.9998515439429929
6737 0.9998515659789223
6738 0.9998515880083111
6739 0.9998516100311619
6740 0.9998516320474777
6741 0.9998516540572615
6742 0.9998516760605162
6743 0.9997033961144891
6744 0.9995551601423488
6745 0.9994069681245367
6746 0.9992588200415061
6747 0.9991107158737217
6748 0.9989626556016598
6749 0.9988146392058083
6750 0.9986666666666667
6751 0.998518737964746
6752 0.9983708530805687
6753 0.998223011994669
6754 0.9980752146875925
6755 0.9979274611398964
6756 0.9977797513321492
6757 0.9976320852449312
6758 0.997484462858834
6759 0.9973368841544608
6760 0.9971893491124261
6761 0.997041857713356
6762 0.9968944099378882
6763 0.9967470057666716
6764 0.9965996451803667
6765 0.9964523281596452
6766 0.9963050546851907
6767 0.9961578247376977
6768 0.9960106382978723
6769 0.9958634953464323
6770 0.9957163958641063
6771 0.9955693398316349
6772 0.9954223272297696
6773 0.9952753580392736
6774 0.9951284322409212
6775 0.9949815498154981
6776 0.9948347107438017
6777 0.9946879150066401
6778 0.9945411625848333
6779 0.9943944534592123
6780 0.9942477876106195
6781 0.9941011650199085
6782 0.9939545856679446
6783 0.9938080495356038
6784 0.9936615566037735
6785 0.993515106853353
6786 0.993368700265252
6787 0.993222336820392
6788 0.9930760164997053
6789 0.9929297392841361
6790 0.9927835051546392
6791 0.9926373140921808
6792 0.9924911660777385
6793 0.9923450610923009
6794 0.9921989991168678
6795 0.9920529801324504
6796 0.9919070041200706
6797 0.9917610710607621
6798 0.9916151809355693
6799 0.9914693337255479
6800 0.9913235294117647
6801 0.9911777679752978
6802 0.9910320493972361
6803 0.99088637365868
6804 0.9907407407407407
6805 0.9905951506245407
6806 0.9904496032912137
6807 0.990304098721904
6808 0.9901586368977673
6809 0.9900132177999706
6810 0.9898678414096916
6811 0.9897225077081192
6812 0.9895772166764533
6813 0.9894319682959049
6814 0.9892867625476959
6815 0.9891415994130595
6816 0.9889964788732394
6817 0.9889980930027872
