410.0 5.867683731846853E-4 0.0
470.0 0.0016136130262578842 0.0
530.0 0.012322135836878401 0.0
590.0 0.037259791697227436 0.0
650.0 0.06542467361009256 0.0
710.0 0.11207275927827344 0.0
770.0 0.1157400616106776 0.0
830.0 0.11104591462520028 0.0
890.0 0.10840545694586928 0.0
950.0 0.08596156667155584 0.0
1010.0 0.07099897315534688 0.0
1070.0 0.05735660847880317 0.0
1130.0 0.03887340472348534 0.0
1190.0 0.03241895261845372 0.0
1250.0 0.022590582367610322 0.0
1310.0 0.0183365116620214 2.9338418659234265E-4
1370.0 0.016722898635763532 0.0
1430.0 0.01510928560950566 0.0
1490.0 0.008948217691066457 0.0
1550.0 0.0061610679184392 0.0
1610.0 0.006747836291623886 0.0
1670.0 0.005280915358662171 0.0
1730.0 0.0045474548921813135 1.4669209329617132E-4
1790.0 0.0039606865189966275 2.9338418659234265E-4
1850.0 0.004400762798885142 2.9338418659234265E-4
1910.0 0.0013202288396655416 4.4007627988851397E-4
1970.0 0.0033739181458119416 4.4007627988851397E-4
2030.0 0.0019069972128502267 5.867683731846853E-4
2090.0 0.0016136130262578842 4.4007627988851397E-4
2150.0 0.001026844653073199 2.9338418659234265E-4
2210.0 0.0019069972128502267 2.9338418659234265E-4
2270.0 0.0016136130262578842 7.334604664808566E-4
2330.0 0.0017603051195540554 1.4669209329617132E-4
2390.0 0.001466920932961713 8.801525597770278E-4
2450.0 7.334604664808566E-4 4.4007627988851397E-4
2510.0 5.867683731846853E-4 2.9338418659234265E-4
2570.0 0.0013202288396655416 0.0
2630.0 0.001026844653073199 0.0
2690.0 0.001026844653073199 2.9338418659234265E-4
2750.0 0.001026844653073199 2.9338418659234265E-4
2810.0 7.334604664808566E-4 4.4007627988851397E-4
2870.0 4.4007627988851397E-4 4.4007627988851397E-4
2930.0 1.4669209329617132E-4 5.867683731846853E-4
2990.0 2.9338418659234265E-4 4.4007627988851397E-4
3050.0 4.4007627988851397E-4 2.9338418659234265E-4
3110.0 1.4669209329617132E-4 2.9338418659234265E-4
3170.0 0.001026844653073199 1.4669209329617132E-4
3230.0 1.4669209329617132E-4 7.334604664808566E-4
3290.0 0.0 1.4669209329617132E-4
3350.0 4.4007627988851397E-4 1.4669209329617132E-4
3410.0 4.4007627988851397E-4 1.4669209329617132E-4
3470.0 0.0 0.0
3530.0 0.0 0.0
3590.0 0.0 0.0
3650.0 1.4669209329617132E-4 1.4669209329617132E-4
3710.0 0.0 0.0
3770.0 0.0 1.4669209329617132E-4
3830.0 0.0 0.0
3890.0 0.0 1.4669209329617132E-4
3950.0 0.0 0.0
4010.0 0.0 1.4669209329617132E-4
