# ROCAUC: 0.9863591416988035
# False Positive Rate True Positive Rate
0.0 0.0
0.0 0.05333333333333334
5.932957579353308E-4 0.05333333333333334
5.932957579353308E-4 0.08
0.001038267576386829 0.08
0.001038267576386829 0.16
0.0013349154553544942 0.16
0.0013349154553544942 0.17333333333333334
0.0022248590922574903 0.17333333333333334
0.0022248590922574903 0.2
0.002521506971225156 0.2
0.002521506971225156 0.21333333333333335
0.0026698309107089885 0.21333333333333335
0.0026698309107089885 0.22666666666666668
0.0028181548501928213 0.22666666666666668
0.0028181548501928213 0.24000000000000002
0.0031148027291604866 0.24000000000000002
0.0031148027291604866 0.3066666666666667
0.0032631266686443195 0.3066666666666667
0.0032631266686443195 0.32
0.003411450608128152 0.32
0.003411450608128152 0.3466666666666667
0.0035597745476119848 0.3466666666666667
0.0035597745476119848 0.36000000000000004
0.0037080984870958176 0.36000000000000004
0.0037080984870958176 0.3866666666666667
0.004449718184514981 0.3866666666666667
0.004449718184514981 0.4
0.005043013942450312 0.4
0.005043013942450312 0.4133333333333334
0.00548798576090181 0.4133333333333334
0.00548798576090181 0.4266666666666667
0.005636309700385643 0.4266666666666667
0.005636309700385643 0.44
0.006081281518837141 0.44
0.006081281518837141 0.45333333333333337
0.008899436369029961 0.45333333333333337
0.008899436369029961 0.48000000000000004
0.009789380005932958 0.48000000000000004
0.009789380005932958 0.5066666666666667
0.010086027884900624 0.5066666666666667
0.010086027884900624 0.52
0.010382675763868289 0.52
0.010382675763868289 0.5466666666666667
0.010530999703352122 0.5466666666666667
0.010530999703352122 0.56
0.011124295461287452 0.56
0.011124295461287452 0.5733333333333334
0.01156926727973895 0.5733333333333334
0.01156926727973895 0.6000000000000001
0.013497478493028776 0.6000000000000001
0.013497478493028776 0.6133333333333334
0.014387422129931772 0.6133333333333334
0.014387422129931772 0.6266666666666667
0.014684070008899437 0.6266666666666667
0.014684070008899437 0.6533333333333333
0.015129041827350935 0.6533333333333333
0.015129041827350935 0.68
0.016760605161673096 0.68
0.016760605161673096 0.7066666666666667
0.01705725304064076 0.7066666666666667
0.01705725304064076 0.7200000000000001
0.017798872738059923 0.7200000000000001
0.017798872738059923 0.7333333333333334
0.01868881637496292 0.7333333333333334
0.01868881637496292 0.76
0.018985464253930585 0.76
0.018985464253930585 0.7733333333333334
0.01972708395134975 0.7733333333333334
0.01972708395134975 0.8
0.020617027588252745 0.8
0.020617027588252745 0.8133333333333334
0.02150697122515574 0.8133333333333334
0.02150697122515574 0.8266666666666668
0.0235835063779294 0.8266666666666668
0.0235835063779294 0.8533333333333334
0.02417680213586473 0.8533333333333334
0.02417680213586473 0.8666666666666667
0.025066745772767726 0.8666666666666667
0.025066745772767726 0.8933333333333334
0.025363393651735393 0.8933333333333334
0.025511717591219223 0.9066666666666667
0.027291604865025215 0.9066666666666667
0.027291604865025215 0.9333333333333333
0.03277959062592703 0.9333333333333333
0.03277959062592703 0.9600000000000001
0.038860872144764164 0.9600000000000001
0.038860872144764164 0.9733333333333334
0.11287451794719669 0.9733333333333334
0.11287451794719669 1.0
1.0 1.0
