17/03/22 16:19:54 INFO DAGScheduler: Job 105 finished: sum at BisectingKMeansModel.scala:94, took 1.262348 s
Within Set Sum of Squared Errors = 305644.32042626146
Cluster Centers: 
[0.21193482134175998,0.17101648353184332,0.32518485907875727,0.12619493339815563,0.2986479237360209,0.09842142549829798,0.8730210946159432,0.7696604811618838,0.3767156801774426,0.10811077892561954,0.0,0.0,0.0,1.0,0.1118133203694701,0.07893777345649003,0.12220466699076324,0.049465240641711226,0.051349052017501215,0.20150704910063197,0.0,0.0,0.0,0.3350145843461351,0.017865824015556635,0.0,0.0,0.011120563928050558,1.823043266893534E-4,0.004982984929508993,0.015556635877491492,0.0,0.0,0.0,0.0,0.0,0.0,0.0,0.0,0.0,0.0,0.0,0.0,0.0,0.0,0.0,0.0,0.0,0.0,0.0,0.0,0.0,0.0,0.0]
[0.6277473777376252,0.1967505928533605,0.16950408573475714,0.24862677139474984,0.2913203681423097,0.2402606603944038,0.8869230110906845,0.8730166104239959,0.503455581544598,0.2620762009096848,0.0,0.2548365992710053,0.7451634007289946,0.0,0.0,0.0,0.0,0.0,0.0,0.0,0.0,0.0,0.0,0.0,0.0,0.0,0.0012461447397115173,0.0,0.0,0.001900370728060064,0.0,9.65762173276426E-4,0.006604567120471042,3.1153618492787935E-5,0.0,0.04025047509268201,0.06501760179444842,0.02320944577712701,0.004454967444468674,0.0,0.0,0.0,0.0,0.0,0.003707280600641764,0.7695566840088476,0.0,0.0,0.012025296738216142,0.0,0.0,0.030094395464033145,0.013364902333406025,0.027570952366117323]
[0.5523743845279954,0.15719908011901543,0.2988516111441728,0.22369620081147013,0.32319836110359734,0.2216771173383826,0.8794696036786567,0.7809054888828783,0.39233310073032196,0.24396868509602285,0.0,0.0,1.0,0.0,0.0,0.0,0.0,0.0,0.0,0.0,0.0,0.0,0.0,0.0,0.0,0.0,0.0,0.0,0.0,0.0,0.0,0.0,0.0,0.0,0.0,0.0,0.0,0.0,0.0,0.0,0.0,0.0,0.0,0.0,0.0,0.0,1.0,0.0,0.0,0.0,0.0,0.0,0.0,0.0]
[0.6479654592038162,0.4520114817404174,0.272435640977135,0.2923286668037536,0.31581611745352794,0.35498607139332045,0.8890664803421566,0.9418707812140126,0.5436405271426219,0.2698399620003286,0.0,0.08948840269781214,0.9105115973021879,0.0,0.0,0.0,0.0,0.0,0.0,0.0,0.0,0.0,0.0,0.0,0.0,0.0,0.0,0.0,0.0,0.0,0.0,0.0,0.0,0.0,0.0,0.0,0.0,0.0,0.0,0.0,0.0,0.0,0.0,0.0,0.0,0.0,1.0,0.0,0.0,0.0,0.0,0.0,0.0,0.0]
[0.4729997884424208,0.15629759112336938,0.23523842863098487,0.19981726338069133,0.28550537360099987,0.2359147540647151,0.866819690889262,0.8241811074944667,0.46710671032293255,0.22564473617034872,0.0,0.0,1.0,0.0,0.0,0.0,0.0,0.0,0.0,0.0,0.0,0.0,0.0,0.36305038001475165,0.3300516306962127,0.0,0.0,0.0,0.0,0.0,0.0,0.0,0.0,0.0,0.0,0.0,0.0,0.3068979892890357,0.0,0.0,0.0,0.0,0.0,0.0,0.0,0.0,0.0,0.0,0.0,0.0,0.0,0.0,0.0,0.0]
[0.5792097399909405,0.2764632966192874,0.2227274880797319,0.17318575986749224,0.2835895453026781,0.2905709295543345,0.8982542130358375,0.8752597380089439,0.4764436945466897,0.2227254070728802,0.0,0.0,1.0,0.0,0.0,0.0,0.03406195141287729,0.0,0.0,0.0,0.0,0.0,0.0,0.0,0.0,0.0,0.2174245427260887,0.0029446741038563905,0.0,0.006229118296619288,0.05886516790305227,0.0,0.009796704230137607,0.05082394246559828,0.0033127583668384392,0.0,0.25114672405005944,0.0,0.0,0.06220624044396625,0.020867546293674613,0.005549578118806274,0.0,0.0,0.0,0.0,0.0,0.028002718160711253,0.014836627215584122,0.0031711874964607282,0.0018687354889857862,0.07259754232969025,0.11886290276912623,0.03743133812786681]
[0.4704226612636457,0.3342595695501155,0.2652066414985118,0.14609414869334986,0.28146075347337174,0.2417954620410184,0.9011204727919293,0.8931568972047657,0.4821287993714856,0.20979201472047607,0.0,0.0,1.0,0.0,0.0,0.0,0.0,0.6420774065497851,0.0,0.0,0.0,0.0,0.0,0.0,0.0,0.0,0.0,0.0,0.0,0.0,0.0,0.0,0.0,0.0,0.0,0.35792259345021504,0.0,0.0,0.0,0.0,0.0,0.0,0.0,0.0,0.0,0.0,0.0,0.0,0.0,0.0,0.0,0.0,0.0,0.0]
[0.5399222028826002,0.20112406975890992,0.19093377295597477,0.2165411721174007,0.2850139115303981,0.24590860115303967,0.8738973407756802,0.8660466326519891,0.5092098512054521,0.21230063563941262,0.0,0.0,1.0,0.0,0.0,0.22374213836477985,0.0,0.0,0.0,0.0,0.0,0.0,0.0,0.0,0.0,0.0,0.0,0.0,0.0,0.0,0.0,0.0,0.0,0.0,0.0,0.0,0.0,0.0,0.0,0.0,0.0,0.0,0.0,0.0,0.77625786163522,0.0,0.0,0.0,0.0,0.0,0.0,0.0,0.0,0.0]
[0.222256551920826,0.8197831332390859,0.32467244505655424,0.14069814776716347,0.3118324625584994,0.10666463704173239,0.6589541179309721,0.8617684204855692,0.7287366508872856,0.10890739157566215,0.0,0.0,0.0,1.0,0.05806357254290172,0.04119539781591264,0.021645865834633387,0.020670826833073322,0.03666146645865835,0.15888260530421217,0.0,0.0,0.0,0.6045729329173167,0.014723088923556943,0.0,0.0,0.00858034321372855,0.0,0.008824102964118565,0.026179797191887677,0.0,0.0,0.0,0.0,0.0,0.0,0.0,0.0,0.0,0.0,0.0,0.0,0.0,0.0,0.0,0.0,0.0,0.0,0.0,0.0,0.0,0.0,0.0]
[0.6875107476526393,0.6677288558988127,0.19286767798588908,0.23063508927268614,0.28352857621016697,0.1281335224519575,0.8084364826076331,0.915263222378972,0.6345193380199455,0.2804196882023834,0.0,1.0,0.0,0.0,0.0,0.0,0.0,0.0,0.0,0.0,0.0,0.0,0.0,0.0,0.0,0.0,0.010459742155193383,0.0,0.0,0.0027243979567015326,0.0,0.0018973485769885673,0.018730235952323038,0.002627098029676478,0.0,0.19805400145949892,0.29511067866699103,0.06703964972026272,0.01610313792264656,0.0,0.0,0.0,6.324495256628558E-4,0.0,0.014935538798345901,0.1448795913403065,0.08411578691315982,0.0,0.005692045730965702,0.0,0.0,0.053855509608367796,0.02442228168328874,0.058720505959620535]
[0.5949857321400204,0.807088974315521,0.20974538182492156,0.15918889360800786,0.2677736608060166,0.2680307552825293,0.7458986423767413,0.9056291447863136,0.6978001170894437,0.1952006149446589,0.0,0.0,1.0,0.0,0.0,0.0,0.0,0.0,0.0,0.0,0.0,0.0,0.0,0.0,0.0,0.0,0.0,0.0,0.0,0.0,0.0,0.0,0.0,0.0,0.0,0.0,0.646136736747339,0.35386326325266115,0.0,0.0,0.0,0.0,0.0,0.0,0.0,0.0,0.0,0.0,0.0,0.0,0.0,0.0,0.0,0.0]
[0.5975670470802575,0.8227786300699945,0.1980913286029359,0.25692333042477644,0.2985790802569763,0.282028368012273,0.7469594323520958,0.9159398130213863,0.7110950480391203,0.2140023911209128,0.0,0.0,1.0,0.0,0.0,0.0,0.0,0.0,0.0,0.0,0.0,0.0,0.0,0.0,0.0,0.0,0.0,0.0,0.0,0.0,0.0,0.0,0.0,0.0,0.0,0.0,0.0,0.0,0.0,0.0,0.0,0.0,0.0,0.0,1.0,0.0,0.0,0.0,0.0,0.0,0.0,0.0,0.0,0.0]
[0.607752136492915,0.7852373338029304,0.21477290053427417,0.2450949604476215,0.30684217516812323,0.2828444897796441,0.7397874838255228,0.917068054730064,0.714559952765742,0.19884863326333577,0.0,0.0,1.0,0.0,0.0,0.0,0.0,0.0,0.0,0.0,0.0,0.0,0.0,0.0,0.0,0.0,0.0,0.0,0.0,0.0,0.0,0.0,0.0,0.0,0.0,0.0,0.0,0.0,0.0,0.0,0.0,0.0,0.0,0.0,0.0,0.6602429494165493,0.33975705058345074,0.0,0.0,0.0,0.0,0.0,0.0,0.0]
[0.5368925457147726,0.7669104775819066,0.2749280320258479,0.21225331654574628,0.3093040406133084,0.29910298846502703,0.7142756901711822,0.9261001172486003,0.7378298360163253,0.2044755891055427,0.0,0.0,1.0,0.0,0.0,0.03151570116766807,0.033017798435551526,0.09619090806031062,0.0,0.0,0.0,0.0,0.0,0.0963326153497336,0.04313569890035144,0.0,0.26915882552998527,0.0038544382723047278,0.0,0.0029758530778823265,0.015587801836526471,0.0,0.00932433964403129,0.018620337830177986,0.020434191134791974,0.11432944110645052,0.0,0.0,0.0,0.011109851490760686,0.00989116880172316,0.021256093413445188,0.0,0.0,0.0,0.0,0.0,0.01762838680421721,0.0058950232399954654,1.983902051921551E-4,0.0,0.0971828590862714,0.05438725768053509,0.02797301893209387]
[0.5269252509885058,0.17694240239080478,0.1554964380229855,0.14695995554023172,0.25070352059769957,0.24753542206896625,0.8782418763678143,0.8717310688735603,0.5158920850114961,0.3338215148045969,0.9992183908045977,7.816091954022989E-4,0.0,0.0,0.0,0.0,0.0,0.0,0.0,0.0,0.0,0.0,0.0,0.0,0.0,0.0,0.0,0.0,0.0,0.0,0.0,0.0,0.0,0.0,0.0,0.0,0.0,0.0,0.0,0.0,0.0,0.0,1.0,0.0,0.0,0.0,0.0,0.0,0.0,0.0,0.0,0.0,0.0,0.0]
[0.5580748173100573,0.2637557035898694,0.2810220253872635,0.20368640576592079,0.2840541745143842,0.1484246653552984,0.9347657814113568,0.8290815891320384,0.37591349354561177,0.21669883931644926,0.9995697074010327,4.302925989672978E-4,0.0,0.0,0.0,0.0,0.0,0.0,0.0,0.0,0.0,0.0,0.0,0.0,0.0,0.0,0.0,0.0,0.0,0.0,0.0,0.0,0.0,0.0,0.0,0.0,0.0,0.0,0.0,0.0,0.0,0.0,1.0,0.0,0.0,0.0,0.0,0.0,0.0,0.0,0.0,0.0,0.0,0.0]
[0.6131334496694976,0.20806578613786636,0.17932075576958909,0.1942610947686524,0.27137775490084876,0.6494802983569413,0.8948924301038653,0.8662903529744993,0.4850991675920697,0.28309450934844166,1.0,0.0,0.0,0.0,0.0,0.0,0.0,0.0,0.0,0.0,0.0,0.0,0.0,0.0,0.0,0.0,0.0,0.0,0.0,0.0,0.0,0.0,0.0,0.0,0.0,0.0,0.0,0.0,0.0,0.0,0.0,0.0,1.0,0.0,0.0,0.0,0.0,0.0,0.0,0.0,0.0,0.0,0.0,0.0]
[0.5690609479745011,0.18298908149976015,0.17862261100829113,0.19917153574611188,0.2662062715744676,0.5746380566865456,0.8868797169785373,0.8607962920693628,0.49049333072863255,0.6715551564192176,0.9999999999999999,0.0,0.0,0.0,0.0,0.0,0.0,0.0,0.0,0.0,0.0,0.0,0.0,0.0,0.0,0.0,0.0,0.0,0.0,0.0,0.0,0.0,0.0,0.0,0.0,0.0,0.0,0.0,0.0,0.0,0.0,0.0,0.9999999999999999,0.0,0.0,0.0,0.0,0.0,0.0,0.0,0.0,0.0,0.0,0.0]
[0.5590148781828703,0.8790632449845687,0.21588720982831605,0.1360951888020847,0.26752555150462853,0.40633847699652936,0.7326947415605725,0.8850278409046994,0.6929314227430564,0.30819217843364116,0.9982156635802468,0.0017843364197530863,0.0,0.0,0.0,0.0,0.0,0.0,0.0,0.0,0.0,0.0,0.0,0.0,0.0,0.0,0.0,0.0,0.0,0.0,0.0,0.0,0.0,0.0,0.0,0.0,0.0,0.0,0.0,0.0,0.0,0.0,1.0,0.0,0.0,0.0,0.0,0.0,0.0,0.0,0.0,0.0,0.0,0.0]
[0.5952234680851055,0.7002672180202373,0.17257461643746744,0.3118107278152584,0.30188266392060326,0.7655605691489366,0.7852299438245961,0.953488440192009,0.7047922095874405,0.42478020796574883,1.0,0.0,0.0,0.0,0.0,0.0,0.0,0.0,0.0,0.0,0.0,0.0,0.0,0.0,0.0,0.0,0.0,0.0,0.0,0.0,0.0,0.0,0.0,0.0,0.0,0.0,0.0,0.0,0.0,0.0,0.0,0.0,1.0,0.0,0.0,0.0,0.0,0.0,0.0,0.0,0.0,0.0,0.0,0.0]
[0.6445178176404722,0.39688941963558627,0.1727395354743446,0.15615540009161494,0.25843406270358155,0.4539941086624609,0.8564683296009753,0.8915879877850131,0.5567088349959299,0.24327701007736324,1.0,0.0,0.0,0.0,0.0,0.0,0.0,0.0,0.0,0.0,0.0,0.0,0.0,0.0,0.0,0.0,0.0,0.0,0.0,0.0,0.0,0.0,0.0,0.0,0.0,1.0,0.0,0.0,0.0,0.0,0.0,0.0,0.0,0.0,0.0,0.0,0.0,0.0,0.0,0.0,0.0,0.0,0.0,0.0]
[0.5210832831899288,0.24742754345440895,0.2727998836403536,0.14699787382341,0.2772328953051923,0.29029273580874254,0.9224585644164657,0.8296528059710118,0.39202962435756805,0.25698854022059187,1.0,0.0,0.0,0.0,0.0,0.0,0.0,0.0,0.0,0.0,0.0,0.0,0.0,0.0,0.0,0.0,0.0,0.0,0.0,0.0,0.0,0.0,0.0,0.0,0.0,0.0,0.0,0.0,0.0,0.0,0.0,0.0,0.0,1.0,0.0,0.0,0.0,0.0,0.0,0.0,0.0,0.0,0.0,0.0]
[0.552571958375476,0.5913885187893874,0.2203872039990653,0.17841522772893464,0.28292292616509834,0.5534077921885929,0.8276239081148381,0.92214399019684,0.6115670661324198,0.4030985292149697,1.0,0.0,0.0,0.0,0.0,0.0,0.0,0.0,0.0,0.0,0.0,0.0,0.0,0.0,0.0,0.0,0.0,0.0,0.0,0.0,0.0,0.0,0.0,0.0,0.0,0.0,0.0,0.0,0.0,0.0,0.0,0.0,0.0,1.0,0.0,0.0,0.0,0.0,0.0,0.0,0.0,0.0,0.0,0.0]
[0.58393327765554,0.21448967501521476,0.13158018585272424,0.11552087570806639,0.2347902165160831,0.3866743537755713,0.8868246573662268,0.8922737146201033,0.5289731917981361,0.29392767801132846,1.0,0.0,0.0,0.0,0.0,0.0,0.0,0.0,0.0,0.0,0.0,0.0,0.0,0.0,0.0,0.0,0.0,0.0,0.0,0.0,0.0,0.0,0.0,0.0,0.0,0.0,1.0,0.0,0.0,0.0,0.0,0.0,0.0,0.0,0.0,0.0,0.0,0.0,0.0,0.0,0.0,0.0,0.0,0.0]
[0.5885467266638761,0.8102704509557687,0.12589912557555544,0.11682348932607822,0.24334029775359398,0.5217322418027069,0.8013195223943066,0.926128102413842,0.6671036460164641,0.31706771382726373,1.0,0.0,0.0,0.0,0.0,0.0,0.0,0.0,0.0,0.0,0.0,0.0,0.0,0.0,0.0,0.0,0.0,0.0,0.0,0.0,0.0,0.0,0.0,0.0,0.0,0.0,1.0,0.0,0.0,0.0,0.0,0.0,0.0,0.0,0.0,0.0,0.0,0.0,0.0,0.0,0.0,0.0,0.0,0.0]
[0.4790475576056842,0.33879296106236,0.13132908464848578,0.20240490183844084,0.2691072908144501,0.38112932104367564,0.8769612114710869,0.8987202748990706,0.5476417641386712,0.4832471592539454,1.0,0.0,0.0,0.0,0.0,0.0,0.0,0.0,0.0,0.0,0.0,0.0,0.0,0.0,0.0,1.0,0.0,0.0,0.0,0.0,0.0,0.0,0.0,0.0,0.0,0.0,0.0,0.0,0.0,0.0,0.0,0.0,0.0,0.0,0.0,0.0,0.0,0.0,0.0,0.0,0.0,0.0,0.0,0.0]
[0.6233377195625387,0.39240641859218384,0.18770445869296923,0.17625306256366435,0.2770205142068284,0.44964170071838294,0.8405182161582548,0.8748083902321298,0.5553320803624083,0.37144768932611266,1.0,0.0,0.0,0.0,0.0,0.0,0.0,0.0,0.0,0.0,0.0028145606604835683,0.004798155792633893,0.030745724548330026,0.0,0.0,0.0,0.0,0.0,0.0,0.057363426794617485,0.0,0.04902696617166139,0.07368787862542218,0.18098965313890528,0.0,0.0,0.0,0.07781590092746475,0.0,0.0,0.0,0.0,0.0,0.0,0.0,0.0,0.0,0.0,0.017584302793116388,0.0,0.006218838792687503,0.2012276845547633,0.1811504851766472,0.11657642202326703]

