Within Set Sum of Squared Errors = 214702.85447766495
Cluster Centers: 
[0.5699359036897389,0.20631780434368932,0.1935905285679895,0.18407825589131188,0.26733436080296846,0.4221606069418386,0.8970431847781425,0.8591016825329233,0.4720732042450529,0.3550649136066384,1.0,0.0,0.0,0.0,0.0,0.0,0.0,0.0,0.0,0.0,0.0,0.0,0.0,0.0,0.0,0.0,0.0,0.0,0.0,0.0,0.0,0.0,0.0,0.0,0.0,0.0,0.0,0.0,0.0,0.0,0.0,0.0,1.0,0.0,0.0,0.0,0.0,0.0,0.0,0.0,0.0,0.0,0.0,0.0]
[0.5757164228452595,0.4454713907456811,0.2954976375274627,0.24175745681082003,0.32620204327183866,0.2735735226161542,0.8137308911826601,0.8552775089637961,0.5452636658478431,0.23648560613647865,0.0,0.0,1.0,0.0,0.0,0.0,0.0,0.0,0.0,0.0,0.0,0.0,0.0,0.0,0.0,0.0,0.0,0.0,0.0,0.0,0.0,0.0,0.0,0.0,0.0,0.0,0.0,0.0,0.0,0.0,0.0,0.0,0.0,0.0,0.0,0.0,1.0,0.0,0.0,0.0,0.0,0.0,0.0,0.0]
[0.4009190318803594,0.3941918700826992,0.29352061844037897,0.16205424561402615,0.2938347239740362,0.22804908203879773,0.8397218434191175,0.8651392929515492,0.5228892151248097,0.1870594574542065,0.0,0.0,0.9999999999999999,0.0,0.0,0.0,0.0,0.43117706159672303,0.0,0.0,0.0,0.0,0.0,0.5688229384032769,0.0,0.0,0.0,0.0,0.0,0.0,0.0,0.0,0.0,0.0,0.0,0.0,0.0,0.0,0.0,0.0,0.0,0.0,0.0,0.0,0.0,0.0,0.0,0.0,0.0,0.0,0.0,0.0,0.0,0.0]
[0.5344980641697054,0.3939615313887975,0.25047107451110384,0.16038227056677842,0.27965695783890987,0.4023848080543662,0.8820571776930952,0.8690558285382852,0.48555679502817084,0.319234204408355,1.0,0.0,0.0,0.0,0.0,0.0,0.0,0.0,0.0,0.0,0.0,0.0,0.0,0.0,0.0,0.0,0.0,0.0,0.0,0.0,0.0,0.0,0.0,0.0,0.0,0.0,0.0,0.0,0.0,0.0,0.0,0.0,0.0,1.0,0.0,0.0,0.0,0.0,0.0,0.0,0.0,0.0,0.0,0.0]
[0.6371510356871685,0.7560157925908112,0.1644669579187068,0.2552280617431887,0.2901635472565247,0.29270033589097993,0.7841672330256112,0.9376093343324159,0.692801628421851,0.198489802741481,0.0,0.0,1.0,0.0,0.0,0.0,0.0,0.0,0.0,0.0,0.0,0.0,0.0,0.0,0.0,0.0,0.0,0.0,0.0,0.0,0.0,0.0,0.0,0.0,0.0,0.0,0.0,0.0,0.0,0.0,0.0,0.0,0.0,0.0,0.0,1.0,0.0,0.0,0.0,0.0,0.0,0.0,0.0,0.0]
[0.5867978955820796,0.4344008933054346,0.2735085092911652,0.22421366004183468,0.3022599032734424,0.2715157893797677,0.7711276877922695,0.8161107984248097,0.5675305971572715,0.25791998178685843,0.0,0.0,0.9999999999999999,0.0,0.0,0.0,0.0,0.0,0.0,0.0,0.0,0.0,0.0,0.0,0.0,0.0,0.0,0.0,0.0,0.0,0.0,0.0,0.0,0.0,0.0,0.0,0.0,0.9999999999999999,0.0,0.0,0.0,0.0,0.0,0.0,0.0,0.0,0.0,0.0,0.0,0.0,0.0,0.0,0.0,0.0]
[0.21532356287393736,0.43730858229243347,0.28348934822084576,0.1388228148945102,0.30259394903957,0.10128388411882049,0.8412416024456842,0.8498384516636913,0.5055145777789468,0.11057576697806226,0.0,0.0,0.0,1.0,0.15907421013960324,0.11252230502781568,0.12884433714705573,0.06497323396662119,0.08381442216857353,0.3450719009131941,0.0,0.0,0.0,0.0,0.03127952136034429,0.0,0.0,0.018841188201952346,1.5744725516951823E-4,0.013802876036527764,0.04161855778314265,0.0,0.0,0.0,0.0,0.0,0.0,0.0,0.0,0.0,0.0,0.0,0.0,0.0,0.0,0.0,0.0,0.0,0.0,0.0,0.0,0.0,0.0,0.0]
[0.5994224403623338,0.2141522160101095,0.16200671489360888,0.2600183044027739,0.29899736831682916,0.26390893591742276,0.8883811100063225,0.8810546469770414,0.5109030042131786,0.23533048582262778,0.0,0.0,0.9999999999999999,0.0,0.0,0.0,0.0,0.0,0.0,0.0,0.0,0.0,0.0,0.0,0.0,0.0,0.0,0.0,0.0,0.0,0.0,0.0,0.0,0.0,0.0,0.0,0.0,0.0,0.0,0.0,0.0,0.0,0.0,0.0,0.0,0.9999999999999999,0.0,0.0,0.0,0.0,0.0,0.0,0.0,0.0]
[0.4801885074961634,0.32987283473025586,0.13239119631684118,0.1307335231967914,0.24014753736277156,0.4182627810175912,0.8668693213315974,0.893936164915584,0.5551305561326879,0.5296749846535234,1.0,0.0,0.0,0.0,0.0,0.0,0.0,0.0,0.0,0.0,0.0,0.0,0.0,0.0,0.0,0.0,0.0,0.0,0.0,0.0,0.0,0.20292763546216502,0.0,0.7970723645378349,0.0,0.0,0.0,0.0,0.0,0.0,0.0,0.0,0.0,0.0,0.0,0.0,0.0,0.0,0.0,0.0,0.0,0.0,0.0,0.0]
[0.4309007976130014,0.28616166175723745,0.17283302691721222,0.1966949553072645,0.2711531166412681,0.18824570162519144,0.872153772642631,0.8726200133739593,0.5219251086846124,0.22738049627560566,0.0,0.0,1.0,0.0,0.0,0.0,0.0,0.0,0.0,0.0,0.0,0.0,0.0,0.0,1.0,0.0,0.0,0.0,0.0,0.0,0.0,0.0,0.0,0.0,0.0,0.0,0.0,0.0,0.0,0.0,0.0,0.0,0.0,0.0,0.0,0.0,0.0,0.0,0.0,0.0,0.0,0.0,0.0,0.0]
[0.685263160274247,0.5085194493924378,0.1899396400787441,0.23287562290407424,0.2769483330391656,0.14341575303781132,0.8333910492159374,0.8973576209354369,0.5876037634919528,0.2883049459642925,0.0,1.0,0.0,0.0,0.0,0.0,0.0,0.0,0.0,0.0,0.0,0.0,0.0,0.0,0.0,0.0,0.0,0.0,0.0,0.0,0.0,0.0,0.0,0.0,0.0,0.0,0.5534586925531193,0.0,0.0,0.0,0.0,0.0,0.0,0.0,0.0,0.25531192722829404,0.19122938021858665,0.0,0.0,0.0,0.0,0.0,0.0,0.0]
[0.5850922999859811,0.36416581148345495,0.13015295089034218,0.11584812724340797,0.23693822661947278,0.420604523555803,0.8653434703799844,0.900778846326433,0.5636752727495598,0.29974107666152583,1.0,0.0,0.0,0.0,0.0,0.0,0.0,0.0,0.0,0.0,0.0,0.0,0.0,0.0,0.0,0.0,0.0,0.0,0.0,0.0,0.0,0.0,0.0,0.0,0.0,0.0,1.0,0.0,0.0,0.0,0.0,0.0,0.0,0.0,0.0,0.0,0.0,0.0,0.0,0.0,0.0,0.0,0.0,0.0]
[0.6022165825542211,0.5239551240092981,0.15682485591570522,0.12190628048028257,0.24452920122442484,0.2706232945754837,0.8264691629728026,0.9178654009776546,0.6223060763134051,0.20251878686346278,0.0,0.0,1.0,0.0,0.0,0.0,0.0,0.0,0.0,0.0,0.0,0.0,0.0,0.0,0.0,0.0,0.0,0.0,0.0,0.0,0.0,0.0,0.0,0.0,0.0,0.0,1.0,0.0,0.0,0.0,0.0,0.0,0.0,0.0,0.0,0.0,0.0,0.0,0.0,0.0,0.0,0.0,0.0,0.0]
[0.6743597763147919,0.24156222733845661,0.21003055887053831,0.23381459266306406,0.31112520077631517,0.39593108729736143,0.8806931680493092,0.8493802045056683,0.4762089729050887,0.3129075511073892,1.0,0.0,0.0,0.0,0.0,0.0,0.0,0.0,0.0,0.0,0.006240962021462821,0.008828677981581552,0.07999086688484665,0.0,0.0,0.0,0.0,0.0,0.0,0.08189359920846336,0.0,0.002054950909506051,0.1468909353832103,0.0,0.0,0.0,0.0,0.0,0.0,0.0,0.0,0.0,0.0,0.0,0.0,0.0,0.0,0.0,0.04848161960575387,0.0,0.017581246670218435,0.0,0.2770378263185935,0.33099931501636354]
[0.22014908150050247,0.6306330889248567,0.3689470354471399,0.12937000759183098,0.30954742659372503,0.1048155010048025,0.6617106456961049,0.7898462019091224,0.6427936056157234,0.10640106787986925,0.0,0.0,0.0,1.0,0.0,0.0,0.0,0.0,0.0,0.0,0.0,0.0,0.0,1.0,0.0,0.0,0.0,0.0,0.0,0.0,0.0,0.0,0.0,0.0,0.0,0.0,0.0,0.0,0.0,0.0,0.0,0.0,0.0,0.0,0.0,0.0,0.0,0.0,0.0,0.0,0.0,0.0,0.0,0.0]
[0.6290833631481088,0.3180601459409213,0.21480507777318503,0.16048175511258292,0.2654652643048949,0.1810755410039271,0.8776211247676032,0.8723849304895572,0.504260266887007,0.24354390497830827,1.0,0.0,0.0,0.0,0.0,0.0,0.0,0.0,0.0,0.0,0.0,0.0,0.0,0.0,0.0,0.0,0.0,0.0,0.0,0.0,0.0,0.0,0.0,0.0,0.0,1.0,0.0,0.0,0.0,0.0,0.0,0.0,0.0,0.0,0.0,0.0,0.0,0.0,0.0,0.0,0.0,0.0,0.0,0.0]
[0.5743552264647233,0.8029147558699606,0.19747611770405832,0.21102177857457302,0.282149290895998,0.5600452044523219,0.7550607701849624,0.9141681305515716,0.6979704159929128,0.35798534765755197,1.0,0.0,0.0,0.0,0.0,0.0,0.0,0.0,0.0,0.0,0.0,0.0,0.0,0.0,0.0,0.0,0.0,0.0,0.0,0.0,0.0,0.0,0.0,0.0,0.0,0.0,0.0,0.0,0.0,0.0,0.0,0.0,1.0,0.0,0.0,0.0,0.0,0.0,0.0,0.0,0.0,0.0,0.0,0.0]
[0.5128576160922242,0.5305995454122001,0.33916066115510324,0.1902503596879304,0.3193005420353989,0.26390197490684414,0.7893561177806238,0.9064995974033593,0.6080133365160665,0.17797205443642256,0.0,0.0,1.0,0.0,0.0,0.0,0.0,0.0,0.0,0.0,0.0,0.0,0.0,0.0,0.0,0.0,1.0,0.0,0.0,0.0,0.0,0.0,0.0,0.0,0.0,0.0,0.0,0.0,0.0,0.0,0.0,0.0,0.0,0.0,0.0,0.0,0.0,0.0,0.0,0.0,0.0,0.0,0.0,0.0]
[0.5935355700475471,0.4344706389857343,0.19605730138668184,0.23981962606971904,0.29202385182250223,0.27178302741679883,0.8170197729793934,0.8784876776545132,0.5899424659270945,0.22071662198890615,0.0,0.0,1.0,0.0,0.0,0.0,0.0,0.0,0.0,0.0,0.0,0.0,0.0,0.0,0.0,0.0,0.0,0.0,0.0,0.0,0.0,0.0,0.0,0.0,0.0,0.0,0.0,0.0,0.0,0.0,0.0,0.0,0.0,0.0,1.0,0.0,0.0,0.0,0.0,0.0,0.0,0.0,0.0,0.0]
[0.6074142640127034,0.6928002978385669,0.23231463072413874,0.16062012419099103,0.278904534863845,0.5049053807546704,0.7408960289412618,0.8886432917327969,0.6793671958725134,0.4134507409940194,1.0,0.0,0.0,0.0,0.0,0.0,0.0,0.0,0.0,0.0,0.002808645744291122,0.007693247038710465,0.011723043106606424,0.0,0.0,0.0,0.0,0.0,0.0,0.12993039443155452,0.0,0.010135547685920137,0.10001221150323605,0.0,0.0,0.0,0.0,0.3544999389424838,0.0,0.0,0.0,0.0,0.0,0.0,0.0,0.0,0.0,0.0,0.002320185614849188,0.0,1.2211503236048357E-4,0.0,0.38075467089998777,0.0]
[0.7019230097010493,0.5057700304230177,0.20194825671484007,0.22577037523921942,0.28428826014649955,0.1399454568732269,0.831482532237843,0.8895062307793837,0.5796964844585237,0.3071417409753834,0.0,0.9999999999999999,0.0,0.0,0.0,0.0,0.0,0.0,0.0,0.0,0.0,0.0,0.0,0.0,0.0,0.0,0.01682835082161948,0.0,0.0,0.00772124331815482,0.0,0.004619547284366132,0.039398138982379725,0.0036296442948591033,0.0,0.3539233155150795,0.0,0.1401042697815614,0.03128093446842209,0.0,0.0,0.0,0.004883521414901339,0.0,0.028113244901999603,0.0,0.0,0.0,0.03319474691480235,0.0,0.0,0.1368045931498713,0.06143997888206955,0.13805847026991352]
[0.5809910836468426,0.4798056764930658,0.2190241387256002,0.23850928547494046,0.30660629925934285,0.31036117828591975,0.8342549374265302,0.9028855260110544,0.583486608335288,0.2205719297554667,0.0,0.0,1.0,0.0,0.0,0.15815306842229016,0.06959793087232542,0.0,0.0,0.0,0.0,0.0,0.0,0.0,0.0,0.0,0.0,0.007053844345168117,0.0,0.009552080884081824,0.07726898659769575,0.0,0.01983893722078533,0.0,0.024629673171878676,0.0,0.0,0.0,0.0,0.07609334587350106,0.03191864566188573,0.02780390312720433,0.0,0.0,0.0,0.0,0.0,0.047348930166940986,0.021514225252762757,0.0034975311544791915,0.0019398071949212321,0.17614037150246886,0.17978485774747238,0.06786386080413825]
[0.71293880511523,0.3992984314639669,0.16238186865591955,0.14392499627014937,0.2568821453310279,0.5187718862395109,0.8491404602371055,0.8826378220327632,0.5587398410816548,0.24954179712268446,1.0,0.0,0.0,0.0,0.0,0.0,0.0,0.0,0.0,0.0,0.0,0.0,0.0,0.0,0.0,0.0,0.0,0.0,0.0,0.0,0.0,0.0,0.0,0.0,0.0,0.0,0.0,0.0,0.0,0.0,0.0,0.0,0.0,0.0,0.0,0.0,0.0,0.0,0.0,0.0,0.0,1.0,0.0,0.0]
[0.47904755760568346,0.3387929610623629,0.13132908464848317,0.20240490183843393,0.2691072908144526,0.3811293210436787,0.8769612114710968,0.8987202748990764,0.5476417641386637,0.4832471592539504,1.0,0.0,0.0,0.0,0.0,0.0,0.0,0.0,0.0,0.0,0.0,0.0,0.0,0.0,0.0,1.0,0.0,0.0,0.0,0.0,0.0,0.0,0.0,0.0,0.0,0.0,0.0,0.0,0.0,0.0,0.0,0.0,0.0,0.0,0.0,0.0,0.0,0.0,0.0,0.0,0.0,0.0,0.0,0.0]
[0.6251926763932085,0.5231387341545092,0.20824187323606608,0.14302667543650072,0.2540126618033969,0.35365929394881596,0.810805246591721,0.879116838914125,0.59557196029658,0.22613894355417247,0.0,0.0,1.0,0.0,0.0,0.0,0.0,0.0,0.0,0.0,0.0,0.0,0.0,0.0,0.0,0.0,0.0,0.0,0.0,0.0,0.0,0.0,0.0,0.0,0.0,1.0,0.0,0.0,0.0,0.0,0.0,0.0,0.0,0.0,0.0,0.0,0.0,0.0,0.0,0.0,0.0,0.0,0.0,0.0]
[0.4609443784665577,0.38221746003262613,0.17304372553018507,0.02381630301794503,0.22874312194127713,0.26130120636215287,0.8471409098694962,0.8776238205546518,0.5567027781402936,0.25003355831973834,0.0,0.0,1.0,0.0,0.0,0.0,0.0,0.0,0.0,0.0,0.0,0.0,0.0,0.0,0.0,0.0,0.0,0.0,0.0,0.0,0.0,0.0,0.0,1.0,0.0,0.0,0.0,0.0,0.0,0.0,0.0,0.0,0.0,0.0,0.0,0.0,0.0,0.0,0.0,0.0,0.0,0.0,0.0,0.0]
[0.6595124381898442,0.47347230423439624,0.13187273028295443,0.1519523327312909,0.2516032284768197,0.7191353460766634,0.8359183232992156,0.9102438176801007,0.6076627820590034,0.24301772085089604,1.0,0.0,0.0,0.0,0.0,0.0,0.0,0.0,0.0,0.0,0.0,0.0,0.0,0.0,0.0,0.0,0.0,0.0,0.0,0.0,0.0,0.0,0.0,0.0,0.0,1.0,0.0,0.0,0.0,0.0,0.0,0.0,0.0,0.0,0.0,0.0,0.0,0.0,0.0,0.0,0.0,0.0,0.0,0.0]
[INFO] ------------------------------------------------------------------------
[INFO] BUILD SUCCESS
[INFO] ------------------------------------------------------------------------
[INFO] Total time: 02:16 min
[INFO] Finished at: 2017-03-22T13:03:38-04:00
[INFO] Final Memory: 46M/1552M
[INFO] ------------------------------------------------------------------------

