214.0 5.867683731846853E-4 0.0
242.0 0.0030805339592195986 0.0
270.0 0.014669209329617145 0.0
298.0 0.0363796391374504 0.0
326.0 0.06249083174416923 0.0
354.0 0.10664515182631529 0.0
382.0 0.10928560950564628 0.0
410.0 0.09843039460172998 0.0
438.0 0.1022443890274303 0.0
466.0 0.09476309226932582 0.0
494.0 0.06542467361009256 0.0
522.0 0.058676837318468726 0.0
550.0 0.04327416752237054 0.0
578.0 0.033592489364823105 0.0
606.0 0.026697960979903075 0.0
634.0 0.021270353527944794 2.9338418659234265E-4
662.0 0.016722898635763532 0.0
690.0 0.016136130262578853 0.0
718.0 0.013348980489951602 0.0
746.0 0.008068065131289428 0.0
774.0 0.005720991638550685 0.0
802.0 0.006747836291623886 0.0
830.0 0.004840839078773656 0.0
858.0 0.003813994425700456 1.4669209329617132E-4
886.0 0.004840839078773656 2.9338418659234265E-4
914.0 0.0036673023324042845 0.0
942.0 0.0022003813994425697 2.9338418659234265E-4
970.0 0.002053689306146398 8.801525597770278E-4
998.0 0.0024937655860349127 1.4669209329617132E-4
1026.0 0.0019069972128502267 4.4007627988851397E-4
1054.0 0.0013202288396655416 5.867683731846853E-4
1082.0 8.801525597770278E-4 1.4669209329617132E-4
1110.0 0.0017603051195540554 5.867683731846853E-4
1138.0 0.0016136130262578842 4.4007627988851397E-4
1166.0 0.0017603051195540554 1.4669209329617132E-4
1194.0 0.001466920932961713 8.801525597770278E-4
1222.0 7.334604664808566E-4 4.4007627988851397E-4
1250.0 5.867683731846853E-4 0.0
1278.0 0.001026844653073199 2.9338418659234265E-4
1306.0 0.001026844653073199 0.0
1334.0 0.001026844653073199 1.4669209329617132E-4
1362.0 7.334604664808566E-4 2.9338418659234265E-4
1390.0 8.801525597770278E-4 2.9338418659234265E-4
1418.0 5.867683731846853E-4 2.9338418659234265E-4
1446.0 2.9338418659234265E-4 5.867683731846853E-4
1474.0 2.9338418659234265E-4 7.334604664808566E-4
1502.0 1.4669209329617132E-4 1.4669209329617132E-4
1530.0 4.4007627988851397E-4 2.9338418659234265E-4
1558.0 1.4669209329617132E-4 2.9338418659234265E-4
1586.0 0.001026844653073199 1.4669209329617132E-4
1614.0 1.4669209329617132E-4 7.334604664808566E-4
1642.0 0.0 1.4669209329617132E-4
1670.0 4.4007627988851397E-4 1.4669209329617132E-4
1698.0 4.4007627988851397E-4 1.4669209329617132E-4
1726.0 0.0 0.0
1754.0 0.0 0.0
1782.0 0.0 0.0
1810.0 1.4669209329617132E-4 1.4669209329617132E-4
1838.0 0.0 0.0
1866.0 0.0 1.4669209329617132E-4
1894.0 0.0 0.0
1922.0 0.0 0.0
1950.0 0.0 1.4669209329617132E-4
1978.0 0.0 1.4669209329617132E-4
