-1.94E8 0.0 0.0
-1.82E8 0.0 0.0
-1.7E8 0.0 0.0
-1.58E8 0.0 0.0
-1.46E8 2.9338418659234265E-4 0.0
-1.34E8 0.001026844653073199 0.0
-1.22E8 0.013495672583247773 0.0
-1.1E8 0.05618307173243378 0.0
-9.8E7 0.1290890421006291 0.0
-8.6E7 0.19069972128502477 0.0
-7.4E7 0.20859615666715875 0.0
-6.2E7 0.1556403109872377 0.0
-5.0E7 0.08992225319055233 4.4007627988851397E-4
-3.8E7 0.050022003813994506 1.4669209329617132E-4
-2.6E7 0.026257884700014566 0.0
-1.4E7 0.01701628282235587 1.4669209329617132E-4
-2000000.0 0.014815901422913317 5.867683731846853E-4
1.0E7 0.006747836291623886 5.867683731846853E-4
2.2E7 0.004400762798885142 1.4669209329617132E-4
3.4E7 0.004987531172069828 2.9338418659234265E-4
4.6E7 0.004987531172069828 1.4669209329617132E-4
5.8E7 0.002347073492738741 0.0
7.0E7 0.002933841865923427 0.001466920932961713
8.2E7 0.0019069972128502267 1.4669209329617132E-4
9.4E7 8.801525597770278E-4 0.0
1.06E8 0.001026844653073199 4.4007627988851397E-4
1.18E8 0.001026844653073199 5.867683731846853E-4
1.3E8 8.801525597770278E-4 1.4669209329617132E-4
1.42E8 2.9338418659234265E-4 1.4669209329617132E-4
1.54E8 5.867683731846853E-4 2.9338418659234265E-4
1.66E8 1.4669209329617132E-4 2.9338418659234265E-4
1.78E8 1.4669209329617132E-4 2.9338418659234265E-4
1.9E8 5.867683731846853E-4 5.867683731846853E-4
2.02E8 1.4669209329617132E-4 2.9338418659234265E-4
2.14E8 4.4007627988851397E-4 2.9338418659234265E-4
2.26E8 7.334604664808566E-4 1.4669209329617132E-4
2.38E8 1.4669209329617132E-4 5.867683731846853E-4
2.5E8 0.0 2.9338418659234265E-4
2.62E8 0.0 2.9338418659234265E-4
2.74E8 0.0 0.0
2.86E8 1.4669209329617132E-4 0.0
2.98E8 0.0 4.4007627988851397E-4
3.1E8 0.0 1.4669209329617132E-4
3.22E8 1.4669209329617132E-4 1.4669209329617132E-4
3.34E8 0.0 7.334604664808566E-4
3.46E8 0.0 1.4669209329617132E-4
3.58E8 2.9338418659234265E-4 0.0
3.7E8 0.0 1.4669209329617132E-4
3.82E8 0.0 0.0
3.94E8 0.0 2.9338418659234265E-4
4.06E8 0.0 0.0
4.18E8 0.0 0.0
4.3E8 0.0 1.4669209329617132E-4
