# ROCAUC: 0.9819954513991891
# False Positive Rate True Positive Rate
0.0 0.0
0.0 0.05333333333333334
2.966478789676654E-4 0.05333333333333334
2.966478789676654E-4 0.13333333333333333
4.449718184514981E-4 0.13333333333333333
4.449718184514981E-4 0.2
5.932957579353308E-4 0.2
5.932957579353308E-4 0.3066666666666667
7.416196974191634E-4 0.3066666666666667
7.416196974191634E-4 0.32
0.0014832393948383269 0.32
0.0014832393948383269 0.33333333333333337
0.0016315633343221597 0.33333333333333337
0.0016315633343221597 0.3466666666666667
0.002076535152773658 0.3466666666666667
0.002076535152773658 0.37333333333333335
0.0022248590922574903 0.37333333333333335
0.0022248590922574903 0.3866666666666667
0.002373183031741323 0.3866666666666667
0.002373183031741323 0.4133333333333334
0.002521506971225156 0.4133333333333334
0.002521506971225156 0.4266666666666667
0.0026698309107089885 0.4266666666666667
0.0026698309107089885 0.45333333333333337
0.0029664787896766538 0.45333333333333337
0.0029664787896766538 0.48000000000000004
0.003411450608128152 0.48000000000000004
0.003411450608128152 0.49333333333333335
0.0035597745476119848 0.49333333333333335
0.0035597745476119848 0.5066666666666667
0.0037080984870958176 0.5066666666666667
0.0037080984870958176 0.52
0.004301394245031148 0.52
0.004301394245031148 0.5333333333333333
0.0051913378819341445 0.5333333333333333
0.0051913378819341445 0.5466666666666667
0.005339661821417977 0.5466666666666667
0.005339661821417977 0.5733333333333334
0.00548798576090181 0.5733333333333334
0.00548798576090181 0.5866666666666667
0.006229605458320973 0.5866666666666667
0.006229605458320973 0.6133333333333334
0.006377929397804806 0.6133333333333334
0.006377929397804806 0.6266666666666667
0.008899436369029961 0.6266666666666667
0.008899436369029961 0.64
0.009641056066449126 0.64
0.009641056066449126 0.6666666666666667
0.009789380005932958 0.6666666666666667
0.009789380005932958 0.7066666666666667
0.010086027884900624 0.7066666666666667
0.010086027884900624 0.7466666666666667
0.01156926727973895 0.7466666666666667
0.01156926727973895 0.76
0.012310886977158113 0.76
0.012310886977158113 0.7733333333333334
0.017947196677543756 0.7733333333333334
0.017947196677543756 0.7866666666666667
0.022396914862058737 0.7866666666666667
0.022396914862058737 0.8
0.023286858498961734 0.8
0.023286858498961734 0.8133333333333334
0.02803322456244438 0.8133333333333334
0.02803322456244438 0.8266666666666668
0.030554731533669537 0.8266666666666668
0.030554731533669537 0.8400000000000001
0.034559477899733015 0.8400000000000001
0.034559477899733015 0.8533333333333334
0.035301097597152185 0.8533333333333334
0.035301097597152185 0.8666666666666667
0.03619104123405518 0.8666666666666667
0.03619104123405518 0.88
0.036487689113022845 0.88
0.036487689113022845 0.8933333333333334
0.04242064669237615 0.8933333333333334
0.04242064669237615 0.9066666666666667
0.04449718184514981 0.9066666666666667
0.04449718184514981 0.92
0.0471670127558588 0.92
0.0471670127558588 0.9333333333333333
0.06852566004153071 0.9333333333333333
0.06852566004153071 0.9466666666666668
0.11628596855532483 0.9466666666666668
0.11628596855532483 0.9600000000000001
0.15351527736576684 0.9600000000000001
0.15351527736576684 0.9733333333333334
0.18881637496291903 0.9733333333333334
0.18881637496291903 0.9866666666666667
0.2199644022545239 0.9866666666666667
0.2199644022545239 1.0
1.0 1.0
