2.1E-29 0.028018189819568603 0.006601144198327714
6.3E-29 0.02992518703241881 0.001466920932961713
1.05E-28 0.026991345166495415 7.334604664808566E-4
1.47E-28 0.028604958192753282 2.9338418659234265E-4
1.8899999999999999E-28 0.02933841865923413 8.801525597770278E-4
2.31E-28 0.02479096376705287 2.9338418659234265E-4
2.73E-28 0.02435088748716436 2.9338418659234265E-4
3.15E-28 0.027138037259791584 1.4669209329617132E-4
3.57E-28 0.022003813994425643 0.0
3.9899999999999997E-28 0.027284729353087754 1.4669209329617132E-4
4.41E-28 0.025817808420126057 0.0
4.83E-28 0.022443890274314152 1.4669209329617132E-4
5.2499999999999995E-28 0.019510048408390757 0.0
5.669999999999999E-28 0.023177350740795 0.0
6.089999999999999E-28 0.01862989584861374 0.0
6.509999999999999E-28 0.020390200968167776 0.0
6.93E-28 0.021417045621240964 0.0
7.35E-28 0.020976969341352455 0.0
7.77E-28 0.019363356315094588 0.0
8.19E-28 0.01877658794190991 0.0
8.609999999999999E-28 0.019950124688279267 0.0
9.03E-28 0.019216664221798418 0.0
9.449999999999999E-28 0.015402669796098003 0.0
9.87E-28 0.01789643538213289 0.0
1.029E-27 0.019363356315094588 0.0
1.071E-27 0.015842746075986514 0.0
1.113E-27 0.01701628282235587 0.0
1.155E-27 0.020390200968167776 0.0
1.197E-27 0.013789056769840116 0.0
1.2389999999999999E-27 0.016429514449171193 0.0
1.281E-27 0.016282822355875023 0.0
1.3229999999999999E-27 0.015549361889394174 0.0
1.365E-27 0.013642364676543945 0.0
1.4069999999999999E-27 0.014375825143024802 0.0
1.449E-27 0.01510928560950566 0.0
1.4909999999999999E-27 0.016282822355875023 0.0
1.533E-27 0.016429514449171193 0.0
1.5749999999999998E-27 0.012615520023470744 0.0
1.617E-27 0.013642364676543945 0.0
1.659E-27 0.01114859909050903 0.0
1.701E-27 0.014815901422913317 0.0
1.7429999999999998E-27 0.010415138624028172 0.0
1.785E-27 0.010268446530732 0.0
1.827E-27 0.013495672583247773 0.0
1.869E-27 0.010561830717324344 0.0
1.9109999999999998E-27 0.010708522810620515 0.0
1.953E-27 0.009828370250843486 0.0
1.995E-27 0.009975062344139658 0.0
2.037E-27 0.009681678157547315 0.0
2.0789999999999998E-27 0.008068065131289428 0.0
2.121E-27 0.0082147572245856 0.0
2.163E-27 0.006307760011735371 0.0
2.205E-27 0.006601144198327714 0.0
2.2469999999999997E-27 0.0061610679184392 0.0
2.2889999999999998E-27 0.007334604664808572 0.0
2.331E-27 0.005574299545254514 0.0
2.373E-27 0.005867683731846857 0.0
2.415E-27 0.0045474548921813135 0.0
2.4569999999999998E-27 0.006307760011735371 0.0
2.499E-27 0.003813994425700456 0.0
2.541E-27 0.0042540707055889705 0.0
2.583E-27 0.003813994425700456 0.0
2.6249999999999997E-27 0.0024937655860349127 0.0
2.667E-27 0.0013202288396655416 0.0
2.709E-27 0.001466920932961713 0.0
2.751E-27 0.0017603051195540554 0.0
2.7929999999999997E-27 0.001466920932961713 0.0
2.8349999999999998E-27 0.0011735367463693704 0.0
2.877E-27 0.001026844653073199 0.0
2.919E-27 5.867683731846853E-4 0.0
2.9609999999999997E-27 7.334604664808566E-4 0.0
3.0029999999999998E-27 4.4007627988851397E-4 0.0
3.045E-27 2.9338418659234265E-4 0.0
3.087E-27 0.0 0.0
3.129E-27 0.0 0.0
3.1709999999999997E-27 1.4669209329617132E-4 0.0
3.2129999999999998E-27 0.0 0.0
3.2549999999999995E-27 0.0 0.0
3.2969999999999996E-27 0.0 0.0
3.339E-27 0.0 0.0
3.381E-27 1.4669209329617132E-4 0.0
