# ROCAUC: 0.9515020270938397
# False Positive Rate True Positive Rate
0.0 0.0
2.966478789676654E-4 0.0
2.966478789676654E-4 0.013333333333333334
0.0011865915158706616 0.013333333333333334
0.0011865915158706616 0.02666666666666667
0.0013349154553544942 0.02666666666666667
0.0013349154553544942 0.04
0.001928211213289825 0.04
0.001928211213289825 0.05333333333333334
0.002521506971225156 0.05333333333333334
0.002521506971225156 0.06666666666666667
0.0028181548501928213 0.06666666666666667
0.0028181548501928213 0.09333333333333334
0.0035597745476119848 0.09333333333333334
0.0035597745476119848 0.12000000000000001
0.00385642242657965 0.12000000000000001
0.00385642242657965 0.13333333333333333
0.004301394245031148 0.13333333333333333
0.004301394245031148 0.14666666666666667
0.005339661821417977 0.14666666666666667
0.005339661821417977 0.16
0.00548798576090181 0.16
0.00548798576090181 0.18666666666666668
0.006081281518837141 0.18666666666666668
0.006081281518837141 0.2
0.006526253337288639 0.2
0.006526253337288639 0.21333333333333335
0.007267873034707802 0.21333333333333335
0.007267873034707802 0.22666666666666668
0.008306140611094632 0.22666666666666668
0.008306140611094632 0.24000000000000002
0.008454464550578463 0.24000000000000002
0.008454464550578463 0.28
0.008899436369029961 0.28
0.008899436369029961 0.3066666666666667
0.00934440818748146 0.3066666666666667
0.00934440818748146 0.32
0.010382675763868289 0.32
0.010382675763868289 0.33333333333333337
0.011124295461287452 0.33333333333333337
0.011124295461287452 0.3466666666666667
0.011420943340255119 0.3466666666666667
0.011420943340255119 0.36000000000000004
0.01156926727973895 0.36000000000000004
0.01156926727973895 0.37333333333333335
0.011865915158706615 0.37333333333333335
0.011865915158706615 0.4
0.012162563037674282 0.4
0.012162563037674282 0.4133333333333334
0.014090774250964106 0.4133333333333334
0.014090774250964106 0.4266666666666667
0.016612281222189263 0.4266666666666667
0.016612281222189263 0.44
0.01705725304064076 0.44
0.01705725304064076 0.45333333333333337
0.017798872738059923 0.45333333333333337
0.017798872738059923 0.4666666666666667
0.018243844556511422 0.4666666666666667
0.018243844556511422 0.48000000000000004
0.018837140314446752 0.48000000000000004
0.018837140314446752 0.49333333333333335
0.02017205576980125 0.49333333333333335
0.02017205576980125 0.52
0.020617027588252745 0.52
0.020617027588252745 0.5333333333333333
0.021061999406704245 0.5333333333333333
0.021061999406704245 0.5466666666666667
0.0235835063779294 0.5466666666666667
0.0235835063779294 0.56
0.024473450014832396 0.56
0.024473450014832396 0.5733333333333334
0.025660041530703056 0.5733333333333334
0.025660041530703056 0.5866666666666667
0.02580836547018689 0.5866666666666667
0.02580836547018689 0.6000000000000001
0.028774844259863545 0.6000000000000001
0.028774844259863545 0.6133333333333334
0.03188964698902403 0.6133333333333334
0.03188964698902403 0.6266666666666667
0.03203797092850786 0.6266666666666667
0.03203797092850786 0.64
0.03263126668644319 0.64
0.03263126668644319 0.6533333333333333
0.039602491842183334 0.6533333333333333
0.039602491842183334 0.68
0.04776030851379413 0.68
0.04776030851379413 0.6933333333333334
0.04939187184811629 0.6933333333333334
0.04939187184811629 0.7066666666666667
0.04998516760605162 0.7066666666666667
0.04998516760605162 0.7200000000000001
0.05265499851676061 0.7200000000000001
0.05265499851676061 0.7333333333333334
0.06051616730940374 0.7333333333333334
0.06051616730940374 0.7466666666666667
0.06793236428359538 0.7466666666666667
0.06793236428359538 0.76
0.07134381489172353 0.76
0.07134381489172353 0.7733333333333334
0.07579353307623851 0.7733333333333334
0.07579353307623851 0.7866666666666667
0.08039157520023732 0.7866666666666667
0.08039157520023732 0.8
0.09774547611984574 0.8
0.09774547611984574 0.8133333333333334
0.10605161673094038 0.8133333333333334
0.10605161673094038 0.8266666666666668
0.11865915158706616 0.8266666666666668
0.11865915158706616 0.8400000000000001
0.12058736280035598 0.8400000000000001
0.12058736280035598 0.8533333333333334
0.12370216552951648 0.8533333333333334
0.12370216552951648 0.8666666666666667
0.12755858795609612 0.8666666666666667
0.12755858795609612 0.88
0.1293384752299021 0.88
0.1293384752299021 0.8933333333333334
0.13097003856422426 0.8933333333333334
0.13097003856422426 0.9066666666666667
0.1511420943340255 0.9066666666666667
0.1511420943340255 0.92
0.1547018688816375 0.92
0.1547018688816375 0.9333333333333333
0.1745772767724711 0.9333333333333333
0.1745772767724711 0.9466666666666668
0.18718481162859688 0.9466666666666668
0.18718481162859688 0.9600000000000001
0.19756748739246516 0.9600000000000001
0.19756748739246516 0.9733333333333334
0.265054879857609 0.9733333333333334
0.265054879857609 0.9866666666666667
0.3024325126075349 0.9866666666666667
0.3024325126075349 1.0
1.0 1.0
