0.901 0.0 0.0
0.903 0.0 0.0
0.905 0.0 0.0
0.907 0.0 0.0
0.909 0.0 0.0
0.911 0.0 0.0
0.913 0.0 0.0
0.915 0.0 0.0
0.917 0.0 0.0
0.919 0.0 0.0
0.921 0.0 0.0
0.923 0.0 0.0
0.925 0.0 0.0
0.927 0.0 0.0
0.929 0.0 0.0
0.931 0.0 0.0
0.933 0.0 0.0
0.935 0.0 0.0
0.937 0.0 0.0
0.9390000000000001 0.0 0.0
0.9410000000000001 0.0 0.0
0.9430000000000001 0.0 0.0
0.9450000000000001 0.0 0.0
0.9470000000000001 0.0 0.0
0.9490000000000001 0.0 0.0
0.9510000000000001 0.0 0.0
0.9530000000000001 0.0 0.0
0.955 0.0 0.0
0.957 0.0 0.0
0.959 0.0 0.0
0.961 0.0 0.0
0.963 0.0 0.0
0.965 0.0 0.0
0.967 0.0 0.0
0.969 0.0 0.0
0.971 0.0 0.0
0.973 0.0 0.0
0.975 0.0 0.0
0.977 0.0 0.0
0.979 0.0 0.0
0.981 0.0 0.0
0.983 0.0 0.0
0.985 0.0 0.0
0.987 0.0 0.0
0.989 0.0 0.0
0.991 0.0 0.0
0.993 0.0 0.0
0.995 0.0 0.0
0.997 0.0 0.0
0.999 0.9889980930028824 0.011001906997212858
