1.016 0.41763238961418375 0.005427607451958342
1.048 0.06953205222238522 0.001026844653073199
1.08 0.06161067918439219 5.867683731846853E-4
1.112 0.05897022150506107 2.9338418659234265E-4
1.1440000000000001 0.0506087721871792 4.4007627988851397E-4
1.176 0.04488778054862844 1.4669209329617132E-4
1.208 0.04107378612292794 2.9338418659234265E-4
1.24 0.037699867977115956 5.867683731846853E-4
1.272 0.03329910517823076 1.4669209329617132E-4
1.304 0.028604958192753282 0.0
1.336 0.021857121901129473 1.4669209329617132E-4
1.3679999999999999 0.01892328003520608 2.9338418659234265E-4
1.4 0.016136130262578853 0.0
1.432 0.015402669796098003 1.4669209329617132E-4
1.464 0.012028751650286058 1.4669209329617132E-4
1.496 0.008508141411177943 0.0
1.528 0.005134223265365999 0.0
1.56 0.006454452105031543 2.9338418659234265E-4
1.592 0.0042540707055889705 0.0
1.624 0.005720991638550685 0.0
1.6560000000000001 0.0039606865189966275 0.0
1.6880000000000002 0.003520610239108113 0.0
1.72 0.003520610239108113 0.0
1.752 0.002640457679331084 1.4669209329617132E-4
1.784 0.002053689306146398 0.0
1.816 0.0013202288396655416 0.0
1.8479999999999999 0.0011735367463693704 0.0
1.88 0.0019069972128502267 0.0
1.912 0.0013202288396655416 0.0
1.944 0.0013202288396655416 0.0
1.976 7.334604664808566E-4 1.4669209329617132E-4
2.008 7.334604664808566E-4 0.0
2.04 0.0011735367463693704 0.0
2.072 1.4669209329617132E-4 0.0
2.104 7.334604664808566E-4 0.0
2.136 1.4669209329617132E-4 0.0
2.168 4.4007627988851397E-4 1.4669209329617132E-4
2.2 5.867683731846853E-4 0.0
2.232 2.9338418659234265E-4 0.0
2.2640000000000002 1.4669209329617132E-4 0.0
2.2960000000000003 2.9338418659234265E-4 0.0
2.3280000000000003 1.4669209329617132E-4 0.0
2.3600000000000003 2.9338418659234265E-4 0.0
2.3920000000000003 0.0 0.0
2.424 1.4669209329617132E-4 1.4669209329617132E-4
2.456 1.4669209329617132E-4 0.0
2.488 2.9338418659234265E-4 0.0
2.52 2.9338418659234265E-4 0.0
2.552 1.4669209329617132E-4 0.0
2.584 2.9338418659234265E-4 0.0
2.616 0.0 0.0
2.648 1.4669209329617132E-4 0.0
2.6799999999999997 0.0 0.0
2.7119999999999997 0.0 0.0
2.7439999999999998 0.0 0.0
2.776 0.0 0.0
2.808 0.0 0.0
2.84 0.0 0.0
2.872 0.0 0.0
2.904 0.0 0.0
2.936 0.0 0.0
2.968 1.4669209329617132E-4 0.0
3.0 0.0 0.0
3.032 1.4669209329617132E-4 0.0
3.064 0.0 0.0
3.096 0.0 0.0
3.128 0.0 0.0
3.16 0.0 0.0
3.192 0.0 0.0
3.224 0.0 0.0
3.2560000000000002 0.0 0.0
3.2880000000000003 0.0 0.0
3.32 0.0 0.0
3.352 0.0 0.0
3.384 0.0 0.0
3.416 0.0 0.0
3.448 0.0 0.0
3.48 0.0 0.0
3.512 0.0 0.0
3.544 0.0 0.0
3.576 0.0 0.0
3.608 0.0 0.0
3.64 0.0 0.0
3.672 0.0 0.0
3.704 0.0 0.0
3.736 0.0 0.0
3.7680000000000002 0.0 0.0
3.8000000000000003 0.0 0.0
3.832 0.0 0.0
3.864 1.4669209329617132E-4 1.4669209329617132E-4
3.896 0.0 0.0
3.928 0.0 1.4669209329617132E-4
3.96 1.4669209329617132E-4 0.0
3.992 0.0 0.0
4.024 0.0 0.0
4.056 0.0 1.4669209329617132E-4
