# ROCAUC: 0.45768713537031547
# False Positive Rate True Positive Rate
0.0 0.0
0.0 0.013333333333333334
1.483239394838327E-4 0.013333333333333334
1.483239394838327E-4 0.04
0.002076535152773658 0.04
0.002076535152773658 0.05333333333333334
0.0040047463660634825 0.05333333333333334
0.0040047463660634825 0.06666666666666667
0.0077128448531593 0.06666666666666667
0.0077128448531593 0.08
0.018392168495995256 0.08
0.018392168495995256 0.09333333333333334
0.04197567487392465 0.09333333333333334
0.04197567487392465 0.10666666666666667
0.04345891426876298 0.10666666666666667
0.04345891426876298 0.12000000000000001
0.06986057549688521 0.12000000000000001
0.06986057549688521 0.13333333333333333
0.08320973005043014 0.13333333333333333
0.08320973005043014 0.14666666666666667
0.11391278552358351 0.14666666666666667
0.11391278552358351 0.16
0.11524770097893801 0.16
0.11524770097893801 0.17333333333333334
0.14031444675170573 0.17333333333333334
0.14031444675170573 0.18666666666666668
0.1873331355680807 0.18666666666666668
0.1873331355680807 0.2
0.22886383862355386 0.2
0.22886383862355386 0.21333333333333335
0.235835063779294 0.21333333333333335
0.235835063779294 0.22666666666666668
0.23657668347671315 0.22666666666666668
0.23657668347671315 0.24000000000000002
0.23969148620587363 0.24000000000000002
0.23969148620587363 0.25333333333333335
0.2490358943933551 0.25333333333333335
0.2490358943933551 0.26666666666666666
0.25467220409374075 0.26666666666666666
0.25467220409374075 0.28
0.3021358647285672 0.28
0.3021358647285672 0.29333333333333333
0.35805398991397214 0.29333333333333333
0.35805398991397214 0.3066666666666667
0.37703945416790274 0.3066666666666667
0.37703945416790274 0.32
0.37807772174428955 0.32
0.37807772174428955 0.33333333333333337
0.38771877781073866 0.33333333333333337
0.38771877781073866 0.3466666666666667
0.4310293681400178 0.3466666666666667
0.4310293681400178 0.36000000000000004
0.4599525363393652 0.36000000000000004
0.4599525363393652 0.37333333333333335
0.4612874517947197 0.37333333333333335
0.4612874517947197 0.3866666666666667
0.4685553248294275 0.3866666666666667
0.4685553248294275 0.4
0.4994067042420647 0.4
0.4994067042420647 0.4133333333333334
0.5140907742509642 0.4133333333333334
0.5140907742509642 0.4266666666666667
0.5244734500148325 0.4266666666666667
0.5244734500148325 0.44
0.5264016612281223 0.44
0.5264016612281223 0.45333333333333337
0.5465737169979235 0.45333333333333337
0.5465737169979235 0.4666666666666667
0.5639276179175319 0.4666666666666667
0.5639276179175319 0.48000000000000004
0.5703055473153368 0.48000000000000004
0.5703055473153368 0.49333333333333335
0.5763868288341739 0.49333333333333335
0.5763868288341739 0.5066666666666667
0.6462474043310591 0.5066666666666667
1.0 1.0
1.0 1.0
