1.001 0.9889980930028824 0.011001906997212858
1.0030000000000001 0.0 0.0
1.005 0.0 0.0
1.0070000000000001 0.0 0.0
1.009 0.0 0.0
1.0110000000000001 0.0 0.0
1.013 0.0 0.0
1.0150000000000001 0.0 0.0
1.017 0.0 0.0
1.0190000000000001 0.0 0.0
1.021 0.0 0.0
1.0230000000000001 0.0 0.0
1.025 0.0 0.0
1.0270000000000001 0.0 0.0
1.029 0.0 0.0
1.0310000000000001 0.0 0.0
1.033 0.0 0.0
1.0350000000000001 0.0 0.0
1.037 0.0 0.0
1.0390000000000001 0.0 0.0
1.041 0.0 0.0
1.0430000000000001 0.0 0.0
1.045 0.0 0.0
1.0470000000000002 0.0 0.0
1.049 0.0 0.0
1.0510000000000002 0.0 0.0
1.053 0.0 0.0
1.0550000000000002 0.0 0.0
1.057 0.0 0.0
1.0590000000000002 0.0 0.0
1.061 0.0 0.0
1.0630000000000002 0.0 0.0
1.065 0.0 0.0
1.0670000000000002 0.0 0.0
1.069 0.0 0.0
1.0710000000000002 0.0 0.0
1.073 0.0 0.0
1.0750000000000002 0.0 0.0
1.077 0.0 0.0
1.0790000000000002 0.0 0.0
1.081 0.0 0.0
1.0830000000000002 0.0 0.0
1.085 0.0 0.0
1.0870000000000002 0.0 0.0
1.089 0.0 0.0
1.0910000000000002 0.0 0.0
1.093 0.0 0.0
1.0950000000000002 0.0 0.0
1.097 0.0 0.0
1.0990000000000002 0.0 0.0
