2.04 0.4334751356901682 0.005867683731846857
2.12 0.08728179551122134 7.334604664808566E-4
2.2 0.07187912571512388 5.867683731846853E-4
2.2800000000000002 0.0657180577966849 5.867683731846853E-4
2.36 0.05809006894528403 1.4669209329617132E-4
2.44 0.04884846706762512 8.801525597770278E-4
2.52 0.04166055449611263 1.4669209329617132E-4
2.6 0.03696640751063509 0.0
2.68 0.026257884700014566 1.4669209329617132E-4
2.76 0.02332404283409117 2.9338418659234265E-4
2.84 0.01804312747542906 1.4669209329617132E-4
2.92 0.016722898635763532 1.4669209329617132E-4
3.0 0.009828370250843486 0.0
3.08 0.007334604664808572 0.0
3.16 0.0061610679184392 2.9338418659234265E-4
3.24 0.006747836291623886 0.0
3.3200000000000003 0.005280915358662171 0.0
3.4000000000000004 0.0045474548921813135 0.0
3.48 0.003520610239108113 1.4669209329617132E-4
3.56 0.002347073492738741 0.0
3.64 0.001466920932961713 0.0
3.7199999999999998 0.002347073492738741 0.0
3.8 0.0016136130262578842 0.0
3.88 0.0016136130262578842 0.0
3.96 8.801525597770278E-4 1.4669209329617132E-4
4.04 0.0013202288396655416 0.0
4.12 5.867683731846853E-4 0.0
4.2 7.334604664808566E-4 0.0
4.28 4.4007627988851397E-4 1.4669209329617132E-4
4.359999999999999 4.4007627988851397E-4 0.0
4.4399999999999995 5.867683731846853E-4 0.0
4.52 1.4669209329617132E-4 0.0
4.6 2.9338418659234265E-4 0.0
4.68 2.9338418659234265E-4 0.0
4.76 1.4669209329617132E-4 0.0
4.84 1.4669209329617132E-4 1.4669209329617132E-4
4.92 2.9338418659234265E-4 0.0
5.0 1.4669209329617132E-4 0.0
5.08 4.4007627988851397E-4 0.0
5.16 2.9338418659234265E-4 0.0
5.24 0.0 0.0
5.32 1.4669209329617132E-4 0.0
5.4 0.0 0.0
5.48 0.0 0.0
5.5600000000000005 0.0 0.0
5.640000000000001 0.0 0.0
5.720000000000001 0.0 0.0
5.800000000000001 0.0 0.0
5.88 0.0 0.0
5.96 1.4669209329617132E-4 0.0
6.04 1.4669209329617132E-4 0.0
6.12 0.0 0.0
6.2 0.0 0.0
6.28 0.0 0.0
6.36 0.0 0.0
6.44 0.0 0.0
6.5200000000000005 0.0 0.0
6.6000000000000005 0.0 0.0
6.68 0.0 0.0
6.76 0.0 0.0
6.84 0.0 0.0
6.92 0.0 0.0
7.0 0.0 0.0
7.08 0.0 0.0
7.16 0.0 0.0
7.24 0.0 0.0
7.32 0.0 0.0
7.4 0.0 0.0
7.48 0.0 0.0
7.5600000000000005 0.0 0.0
7.64 0.0 0.0
7.72 1.4669209329617132E-4 1.4669209329617132E-4
7.8 0.0 0.0
7.88 1.4669209329617132E-4 1.4669209329617132E-4
7.96 0.0 0.0
8.04 0.0 0.0
8.120000000000001 0.0 1.4669209329617132E-4
